timestamp x_robot y_robot z_robot roll_robot pitch_robot yaw_robot runtime
0000 0.7601596117019653 -0.7809388637542725 3.150296449661255 -159.28518897095717 -54.96700498297957 -104.34602537581614 2.26145229699614
0001 0.7476643919944763 -0.7737126350402832 3.112583637237549 -163.02490869950793 -54.926150559239915 -97.62145615869326 0.030228449999412987
0002 0.7337068915367126 -0.7794228792190552 3.118690252304077 -158.74993154386144 -50.35417284586684 -101.79889930996205 0.02763096299895551
0003 0.7323375940322876 -0.7876392602920532 3.1450023651123047 -158.34470438072333 -49.159174657374706 -103.4438735481062 0.033051366997824516
0004 0.7157412767410278 -0.7812707424163818 3.1123757362365723 -157.42901723784448 -50.09262327285764 -104.46560859785458 0.03472008999960963
0005 0.7009433507919312 -0.7785196900367737 3.0909879207611084 -155.3858916831203 -50.15075738348224 -105.89128586186833 0.03542927200032864
0006 0.699932873249054 -0.7878889441490173 3.1266191005706787 -156.97201697120556 -49.54985601831161 -105.55981806820954 0.038598680002905894
0007 0.6774033904075623 -0.7766315340995789 3.07216739654541 -154.89722803035812 -48.40808457398112 -106.66334910471622 0.032517316001758445
0008 0.6621559262275696 -0.7716481685638428 3.0427520275115967 -153.67444213372573 -45.70851002218195 -106.95595569857025 0.03769541899964679
0009 0.6567019820213318 -0.7774675488471985 3.0624566078186035 -156.57079263260925 -45.83966445136349 -104.61503179680987 0.0339066910019028
0010 0.6590458154678345 -0.7898701429367065 3.1111135482788086 -155.8022203917073 -46.05410062075347 -105.35169075444519 0.03542477600421989
0011 0.6468940377235413 -0.7910329103469849 3.107546329498291 -156.2313811432925 -45.90515897403762 -106.46442582896321 0.0332252599982894
0012 0.627905011177063 -0.78145432472229 3.063457727432251 -154.2926227471751 -44.613667756077945 -108.09239616011952 0.03565515700029209
0013 0.6295679211616516 -0.7958969473838806 3.1178195476531982 -153.96991438242347 -43.60616824891879 -107.61464619941901 0.03484783800377045
0014 0.6281034350395203 -0.8063228130340576 3.154573440551758 -158.38234727025005 -45.49574944167881 -105.213977811158 0.03673045000323327
0015 0.6132954359054565 -0.8022738695144653 3.133073091506958 -155.75283846491783 -44.146035587577195 -106.75733799641314 0.035958865999418776
0016 0.5934404730796814 -0.7895036935806274 3.0774099826812744 -154.94553754451428 -43.308470601484665 -107.1442172237237 0.03737797999929171
0017 0.5843032598495483 -0.7908295392990112 3.0802981853485107 -156.49884795115574 -44.432798910419315 -106.93091155690605 0.03256819899979746
0018 0.5722727179527283 -0.7907480597496033 3.074887752532959 -155.8138323431621 -43.25512796441636 -106.97248895124599 0.03906646100222133
0019 0.5513625741004944 -0.7780893445014954 3.0197010040283203 -154.28666781069572 -41.403934720367204 -107.82042136601781 0.03361237199715106
0020 0.5390926599502563 -0.7742311358451843 3.0037598609924316 -153.06903836134782 -41.42967090118978 -109.36473727241287 0.03974692799965851
0021 0.5323032736778259 -0.7790374755859375 3.0192465782165527 -154.30283670860751 -41.560394819458 -107.65745561629646 0.03401798100094311
0022 0.5150395035743713 -0.7670365571975708 2.9690542221069336 -158.62115909589411 -43.921396019024264 -106.5562810324138 0.034565046000352595
0023 0.5060696005821228 -0.7735394239425659 2.9890148639678955 -154.49214738782572 -43.30677170204538 -107.5083009416163 0.032248520001303405
0024 0.5038434863090515 -0.7847923040390015 3.0296289920806885 -158.80675804274728 -46.132136049719385 -106.23927488560045 0.03422590899572242
0025 0.48512962460517883 -0.7746970653533936 2.9840896129608154 -156.2085963120687 -45.852237927569945 -105.832942943477 0.032215954997809604
0026 0.4807056784629822 -0.7841812372207642 3.0173234939575195 -156.0809292193101 -45.28343041173787 -107.36669795131175 0.033706866001011804
0027 0.4659278094768524 -0.7796716690063477 2.9938652515411377 -154.91988633951303 -42.21521719642529 -107.78380882925744 0.032047116998001
0028 0.45436719059944153 -0.7782294154167175 2.987008810043335 -154.41444485463694 -41.61611347865409 -107.36686041559925 0.03630515000259038
0029 0.4438292980194092 -0.7776972651481628 2.982980966567993 -155.83995433387994 -42.69928383346721 -106.64831973093472 0.03426248700270662
0030 0.42694514989852905 -0.768203854560852 2.9429242610931396 -154.2082290952564 -42.33422358423003 -107.93118664462604 0.03867063300276641
0031 0.4208753705024719 -0.7752939462661743 2.9686965942382812 -156.76688227241178 -43.14536673786072 -106.96853087711224 0.03635319399472792
0032 0.40888699889183044 -0.7745801210403442 2.961282730102539 -156.11763983983897 -41.21760624031696 -106.58953694455411 0.03975989099853905
0033 0.39760419726371765 -0.7708444595336914 2.9454798698425293 -155.66195535012912 -42.25286669419459 -107.7685802364579 0.03283268200175371
0034 0.3914615213871002 -0.7781932950019836 2.970794200897217 -155.92486182686275 -41.621887938857256 -107.58643085230977 0.04219651099992916
0035 0.38320815563201904 -0.7827659845352173 2.9843084812164307 -155.99959430251633 -42.00819410822136 -108.20992665736257 0.03510240899777273
0036 0.36979514360427856 -0.7778179049491882 2.9611334800720215 -154.42351234473742 -41.31007337403928 -108.66539841347324 0.04143134000332793
0037 0.36155039072036743 -0.7808291912078857 2.97072434425354 -156.04831783345668 -42.28174158506597 -108.72831126708604 0.03314726700045867
0038 0.35041460394859314 -0.7801544666290283 2.9658002853393555 -157.197887210026 -42.91986880070848 -107.73121453560945 0.03815751400543377
0039 0.333309143781662 -0.7666422128677368 2.9099135398864746 -157.78897464465715 -40.72061504307811 -107.14839621563004 0.03262846099823946
0040 0.3276562988758087 -0.7762339115142822 2.9472196102142334 -157.86864760730407 -42.14297221514145 -107.50621660144685 0.037828487998922355
0041 0.31448471546173096 -0.7686649560928345 2.914454221725464 -157.8826726576947 -43.10271704555675 -108.42907118073137 0.032101359000080265
0042 0.30090758204460144 -0.7623712420463562 2.8874120712280273 -156.80748042588235 -40.7059855508478 -109.5499256580506 0.03450868599611567
0043 0.29255831241607666 -0.7657907009124756 2.9017093181610107 -157.09837731204962 -41.88505492716429 -109.64691677417291 0.031211044995870907
0044 0.2835232615470886 -0.7637262344360352 2.8914287090301514 -156.41869677268363 -42.677428048689336 -110.67607443118973 0.03791780000028666
0045 0.27320733666419983 -0.7624998092651367 2.8848540782928467 -155.84213025440152 -41.38262664636722 -110.85551986683501 0.0380525270011276
0046 0.2623661458492279 -0.7593655586242676 2.8719606399536133 -155.5474936359304 -41.61664064108631 -111.41886004473778 0.038242244998400565
0047 0.2527557611465454 -0.7606001496315002 2.875098705291748 -156.69662244855462 -41.91084326696606 -111.206248473038 0.034798271997715347
0048 0.23540006577968597 -0.7513476610183716 2.838578939437866 -156.75420769194255 -44.04059656075997 -110.50090958225957 0.03825583700381685
0049 0.22787486016750336 -0.7619000673294067 2.878451108932495 -156.97054469383568 -42.878350718276934 -111.42658704547908 0.0356725239980733
0050 0.21574802696704865 -0.756898820400238 2.85821270942688 -155.71505919890384 -42.381553708503596 -112.62072274559023 0.035095013001409825
0051 0.2087262123823166 -0.7623944878578186 2.8792858123779297 -154.4747147242797 -41.785254158134606 -115.19488335494398 0.02940235799906077
0052 0.19934973120689392 -0.7606565952301025 2.8711318969726562 -154.446022888921 -40.03440385342684 -116.80147645446053 0.03594447199429851
0053 0.1929105520248413 -0.7695953249931335 2.9105048179626465 -153.94009432523762 -38.99752916195219 -117.3888667367863 0.034309407994442154
0054 0.18781326711177826 -0.7709585428237915 2.916027069091797 -152.56206498418277 -37.92389860200104 -119.37290773435804 0.03996868299873313
0055 0.18442048132419586 -0.7660134434700012 2.8976335525512695 -151.735160910815 -35.66528541870888 -119.94693644690858 0.03474740700039547
0056 0.18193140625953674 -0.7596598267555237 2.8744847774505615 -150.9313246984434 -34.801220359815964 -120.25986584872972 0.03526038799464004
0057 0.18094685673713684 -0.7563542723655701 2.8616809844970703 -149.78383386345462 -35.819719031725846 -121.2724068888551 0.034181738999905065
0058 0.180254727602005 -0.7533826231956482 2.8508388996124268 -150.3172817353444 -35.20115590919141 -121.43864905245547 0.03862590700009605
0059 0.18061402440071106 -0.7553077340126038 2.8583359718322754 -149.86393696879847 -35.474967105880744 -121.1368209378786 0.0300088060030248
0060 0.18051575124263763 -0.7545279860496521 2.8550944328308105 -150.2694654184731 -35.47970245465724 -121.35101321248254 0.03895731300144689
0061 0.17999620735645294 -0.7535855770111084 2.8516647815704346 -150.16202308304815 -35.34625941675483 -121.11687219080659 0.03166240599966841
0062 0.17999395728111267 -0.7534095644950867 2.8506970405578613 -149.9814931564469 -35.81322556456684 -121.30975744256077 0.033816335002484266
0063 0.1798352152109146 -0.7530353665351868 2.8491575717926025 -149.90682820914023 -35.44452813428084 -121.52876149506777 0.031997229998523835
0064 0.1799677461385727 -0.7535187602043152 2.8512206077575684 -149.92496998896027 -35.582040014630614 -121.41721004876098 0.03738950099796057
0065 0.17998167872428894 -0.7537544965744019 2.8512120246887207 -149.37829718204108 -36.14544488503778 -121.941214038024 0.033735436998540536
0066 0.17956969141960144 -0.7520723938941956 2.844548225402832 -149.32231952917803 -36.40049581362758 -122.32602254580381 0.0373649680041126
0067 0.17919369041919708 -0.7502386569976807 2.837446928024292 -148.96813713154387 -36.56876176524556 -122.57198768838191 0.03332395500183338
0068 0.1792522668838501 -0.7504511475563049 2.838592290878296 -149.20366834731837 -36.34757825536142 -122.48834629068465 0.035102269997878466
0069 0.17903411388397217 -0.7500870823860168 2.8366470336914062 -148.96884698291055 -36.84623261524436 -122.67488892091117 0.034161069997935556
0070 0.1789737194776535 -0.7491578459739685 2.833184003829956 -149.04183213446348 -36.7064327719874 -122.799985695578 0.03519942999992054
0071 0.17890936136245728 -0.7491552233695984 2.833228588104248 -148.846600591125 -36.83269275793525 -122.83525366252671 0.03193612700124504
0072 0.17880339920520782 -0.7486172914505005 2.8311753273010254 -148.60333898985388 -36.76937132655237 -123.06635272392855 0.03600343700236408
0073 0.17878593504428864 -0.7487180829048157 2.831590414047241 -148.81763839441518 -36.74148593504338 -123.03632286514987 0.03381233799882466
0074 0.17864517867565155 -0.748076856136322 2.8292055130004883 -148.58022961642925 -36.73883378964269 -123.07370672798596 0.040052689000731334
0075 0.17843365669250488 -0.7472237348556519 2.8260653018951416 -148.71026954377032 -36.66090708998177 -123.11656068047775 0.03789023499848554
0076 0.17830076813697815 -0.7465245127677917 2.8235251903533936 -148.85094593952243 -36.58964693931432 -122.93070857367005 0.040730642998823896
0077 0.1785612255334854 -0.7480840682983398 2.829141855239868 -148.8493816235479 -36.43285165408648 -122.87530370805838 0.034224055998492986
0078 0.17853669822216034 -0.7481899261474609 2.829331398010254 -149.01656064585032 -36.604110782568334 -122.83455285131402 0.04090825300227152
0079 0.1785094141960144 -0.7478972673416138 2.8279130458831787 -148.49642113424062 -36.78073113419831 -123.11787855421835 0.03316494099999545
0080 0.17866262793540955 -0.7484741806983948 2.8303236961364746 -148.8261392859064 -36.361461477042724 -123.0386510105876 0.03618834199733101
0081 0.17881281673908234 -0.7498276233673096 2.83543062210083 -148.74031725504963 -36.51226696114947 -122.95913854215507 0.03190564000396989
0082 0.1787869781255722 -0.7494537234306335 2.8337161540985107 -148.86188225814882 -36.49519370831386 -122.9855919750984 0.038075799006037414
0083 0.17871379852294922 -0.7490830421447754 2.8323309421539307 -148.6045962419356 -36.617588448786634 -123.0983883755701 0.03203631300129928
0084 0.17866256833076477 -0.7486163973808289 2.830526351928711 -148.5881196139334 -36.607964157136266 -123.17456704268378 0.03800734999822453
0085 0.17867591977119446 -0.7489016652107239 2.831559658050537 -148.87014565724448 -36.593998692839236 -123.00780339203978 0.03617583400045987
0086 0.1785942018032074 -0.7485697865486145 2.8302125930786133 -148.69842944002474 -36.82100894872484 -123.06120968195563 0.03758737200405449
0087 0.17873813211917877 -0.7491936683654785 2.833035945892334 -149.26145143728823 -36.44745227761581 -122.77317211247758 0.03543294099654304
0088 0.1787503957748413 -0.7500025033950806 2.8360238075256348 -149.1598344222252 -36.68819165647494 -122.6177068172511 0.04050686299888184
0089 0.17879201471805573 -0.7499638199806213 2.835905075073242 -149.48937967775623 -36.62653282492844 -122.54483258990463 0.034953185997437686
0090 0.17877455055713654 -0.7501580119132996 2.8366661071777344 -149.42012631693794 -36.610083751219996 -122.39315545682989 0.038965373001701664
0091 0.17878592014312744 -0.7502835392951965 2.8370227813720703 -149.46717526977224 -36.651725564098804 -122.44537463544756 0.03814612100541126
0092 0.17870628833770752 -0.750021755695343 2.836031436920166 -149.51221891119647 -36.72005768364649 -122.4164285119279 0.038895254001545254
0093 0.17937202751636505 -0.7518661022186279 2.8430280685424805 -149.22348863254507 -37.294877856156546 -122.54090560345685 0.039074831001926214
0094 0.1798207312822342 -0.7533524632453918 2.848661422729492 -149.52957790111233 -36.85331825752206 -122.51054023697385 0.03886105200217571
0095 0.1796337068080902 -0.7527666687965393 2.8464479446411133 -149.3011464121498 -37.06646395104943 -122.52110033035835 0.03764523000427289
0096 0.17971190810203552 -0.7530937790870667 2.8476314544677734 -149.38251375174406 -36.777526303903436 -122.5155873182251 0.04315201099961996
0097 0.17949441075325012 -0.7523561716079712 2.8448293209075928 -149.24528502984154 -36.96739896481369 -122.59016850929743 0.034554439000203274
0098 0.17939217388629913 -0.7517150044441223 2.842219114303589 -149.03798541470294 -36.96188197650156 -122.7743794365116 0.03782352800044464
0099 0.1794396936893463 -0.7520206570625305 2.8433420658111572 -148.94384246594927 -36.99033157735987 -122.92624340289493 0.034417718001350295
0100 0.17955930531024933 -0.7524991631507874 2.8451099395751953 -148.88474859385636 -37.02019759812498 -122.99746092934542 0.04237318800005596
0101 0.17975883185863495 -0.7533703446388245 2.848612070083618 -149.1197753637565 -36.93962407487375 -122.85883888014793 0.033889974001795053
0102 0.1797644942998886 -0.7534433603286743 2.8488082885742188 -148.9956312132021 -36.92050788190818 -122.88415483310924 0.041944422002416104
0103 0.179744690656662 -0.7533087730407715 2.848396062850952 -149.1567656543425 -36.8453424224709 -122.82922150495261 0.036183803000312764
0104 0.17971797287464142 -0.7534494996070862 2.8490724563598633 -149.11962455522283 -36.82342262752105 -122.77632968224611 0.0418039390060585
0105 0.17957966029644012 -0.7527031898498535 2.8462469577789307 -149.02420126247986 -36.871030311066455 -122.80952551670778 0.03790240300440928
0106 0.17952144145965576 -0.7524552345275879 2.845273494720459 -148.9726194921963 -36.917794408126795 -122.87955261356483 0.035886103003576864
0107 0.17954888939857483 -0.7525642514228821 2.8456785678863525 -148.97676845510142 -36.92146189918738 -122.87659172481082 0.03344055500201648
0108 0.17956134676933289 -0.752598762512207 2.845848798751831 -149.01229298304096 -36.906204777187924 -122.84913474129017 0.03500731399981305
0109 0.17965756356716156 -0.7530565857887268 2.847689151763916 -149.0976144370951 -36.96147890207904 -122.78315022134318 0.03283153600204969
0110 0.17983925342559814 -0.7536756992340088 2.850006341934204 -149.25429351112723 -36.97088839479507 -122.65909116707543 0.03387534300418338
0111 0.17993688583374023 -0.7539259195327759 2.8507864475250244 -149.34451575061343 -36.88579753507114 -122.54807879219143 0.03363068700127769
0112 0.17981240153312683 -0.7533809542655945 2.8488481044769287 -149.3099917511358 -36.77992684826982 -122.5647523206527 0.04120251499989536
0113 0.17966417968273163 -0.7528376579284668 2.8467633724212646 -149.2217743499807 -36.843584747306934 -122.64043115922676 0.03144746799807763
0114 0.17965415120124817 -0.7528167963027954 2.846618890762329 -149.1439496535073 -36.87142711381786 -122.71261353427225 0.042444758997589815
0115 0.17965634167194366 -0.752880334854126 2.8469157218933105 -149.21214066090957 -36.849998874712064 -122.70031764414404 0.03272574300353881
0116 0.17972658574581146 -0.75313401222229 2.8478446006774902 -149.19905719443207 -36.82434813910937 -122.68060023990743 0.035913662002712954
0117 0.17964109778404236 -0.7527900338172913 2.846457004547119 -149.16512172292002 -36.8027265980459 -122.69576049024285 0.03776089200255228
0118 0.1793525367975235 -0.7514844536781311 2.8413796424865723 -149.02973033971298 -36.95947257327243 -122.8532354911027 0.04002995600603754
0119 0.1792108565568924 -0.7509300708770752 2.839311361312866 -148.8608771750041 -36.89516567399958 -122.99757495960552 0.030481629000860266
0120 0.17905619740486145 -0.7504172921180725 2.8374738693237305 -148.88115024314376 -36.785574313559174 -123.02384681927289 0.03771992000110913
0121 0.17896117269992828 -0.75014728307724 2.836527109146118 -148.87525248564884 -36.752579004857196 -123.01343120748774 0.03448418399784714
0122 0.1789061427116394 -0.7499083280563354 2.835604190826416 -148.82926466910243 -36.81117380286156 -123.04958747555511 0.03763982500095153
0123 0.17892906069755554 -0.7500088214874268 2.835981845855713 -148.86784686317094 -36.76439554458753 -123.0104229190416 0.030428710000705905
0124 0.17894329130649567 -0.7500346302986145 2.83607816696167 -148.84084020349647 -36.799023967687646 -123.02924945016018 0.03806868199899327
0125 0.17899493873119354 -0.7502759099006653 2.836993455886841 -148.89486572689557 -36.77688043264712 -122.98182651642466 0.03296882600261597
0126 0.17894741892814636 -0.7500449419021606 2.836109161376953 -148.86215674979476 -36.81411462626857 -123.00940970609022 0.037434706995554734
0127 0.17897263169288635 -0.7501633763313293 2.8365278244018555 -148.8428742907657 -36.805557508296154 -123.00988802895434 0.037774068005091976
0128 0.17897500097751617 -0.7501478791236877 2.8364999294281006 -148.87358128325977 -36.77470948085521 -122.99623040197612 0.04294810699502705
0129 0.17882351577281952 -0.7510011196136475 2.841830015182495 -149.42116171546328 -36.145373171920646 -122.17146442107702 0.03285364300245419
0130 0.17673911154270172 -0.7531108260154724 2.8519229888916016 -152.01654109822064 -36.14010768455403 -118.56959056740776 0.03678670799854444
0131 0.17151258885860443 -0.7432193756103516 2.816351890563965 -150.528527072966 -37.990886884388665 -116.62460675946859 0.0334092520060949
0132 0.16661322116851807 -0.7414427995681763 2.8093411922454834 -153.0600315091092 -41.289995039730385 -113.75228532036031 0.03388710899889702
0133 0.16017426550388336 -0.7360367774963379 2.7882955074310303 -156.3506065549438 -43.93758060123682 -109.75270810090713 0.037710166005126666
0134 0.15724454820156097 -0.7395399212837219 2.8004837036132812 -159.04528046673502 -46.13208249395933 -105.28438835013661 0.04086180699960096
0135 0.15289027988910675 -0.7448753118515015 2.8222954273223877 -164.2744893938666 -48.057473592705854 -101.08293141506054 0.035697766004886944
0136 0.1481361836194992 -0.7438310384750366 2.8192319869995117 -168.28198743288348 -51.085686383917 -94.5650229903127 0.0398479369978304
0137 0.1421804428100586 -0.7412071824073792 2.8083670139312744 -170.88261170550754 -50.56742274323104 -90.02660390180809 0.03521062499930849
0138 0.13808144629001617 -0.7503673434257507 2.841660499572754 -173.2090587175322 -48.76368168662166 -87.72707387323854 0.03718692300026305
0139 0.1353520005941391 -0.7572180032730103 2.864729881286621 -174.6223125849919 -48.33940042435766 -86.81201374329969 0.03221482299704803
0140 0.13156919181346893 -0.7512257695198059 2.838560104370117 -176.51760408560824 -48.54720928185206 -86.56146389094638 0.035533795999072026
0141 0.1285550743341446 -0.7479576468467712 2.8223538398742676 -174.57919380024816 -49.778553587160935 -88.77349700468028 0.03799789500044426
0142 0.12518630921840668 -0.7419281005859375 2.7979512214660645 -172.06293732487146 -50.99157334663307 -91.8886518995984 0.03839660399535205
0143 0.12411769479513168 -0.7453380227088928 2.8095428943634033 -169.9856423137392 -49.86118455520967 -93.85566700241166 0.032972333996440284
0144 0.12132823467254639 -0.7492128610610962 2.821092128753662 -168.26357631198897 -48.51340478523071 -96.78639714761198 0.03914386000542436
0145 0.11663326621055603 -0.7418673634529114 2.792346954345703 -162.3159309432446 -47.86393160549907 -102.2682692833079 0.03817084200272802
0146 0.1144406795501709 -0.750225841999054 2.8236000537872314 -162.27035911264525 -46.89625126935465 -104.15746615078953 0.03936396500648698
0147 0.1064336746931076 -0.7397317886352539 2.7802469730377197 -156.91820756789141 -43.65221237009703 -109.00206256828339 0.03480028799822321
0148 0.10147670656442642 -0.738715410232544 2.776167869567871 -155.87911839394675 -44.962035408919135 -111.31641957971496 0.040618702994834166
0149 0.09804604947566986 -0.7503848075866699 2.818774461746216 -155.4415691695166 -43.234545614039305 -112.99828121239656 0.032988920000207145
0150 0.09190241247415543 -0.7523746490478516 2.827110528945923 -155.48938493851176 -42.433729219649244 -114.15199851598028 0.03595329500240041
0151 0.08729420602321625 -0.7591744661331177 2.851625919342041 -155.70214459499942 -42.25767560421635 -115.21689474138037 0.034943671998917125
0152 0.08148213475942612 -0.7538236975669861 2.830519914627075 -154.721594364354 -42.01640660545635 -117.24722127236028 0.03795061600249028
0153 0.07648507505655289 -0.7633315920829773 2.8666155338287354 -153.78800329056313 -40.66151592968347 -118.77564346366422 0.03126829299435485
0154 0.06916661560535431 -0.754351794719696 2.8321242332458496 -153.11060661622741 -40.14551630017744 -119.92695338974347 0.03476635600236477
0155 0.06226126104593277 -0.7499852776527405 2.8159499168395996 -152.48126737271036 -39.18639220586833 -121.3242222485997 0.030472452002868522
0156 0.0532657690346241 -0.7447628974914551 2.799567937850952 -149.85386446998157 -38.45064112165767 -123.67144253795843 0.035250083994469605
0157 0.04517333209514618 -0.7421402335166931 2.792935371398926 -149.29308867234528 -37.298162267046855 -125.06607467350844 0.03474837899557315
0158 0.03488703444600105 -0.7404242753982544 2.790231466293335 -150.2100082222744 -34.75162490837074 -124.73282266008204 0.0405351720037288
0159 0.02540024369955063 -0.7402030825614929 2.7964208126068115 -150.57442512259988 -33.551520439331846 -123.77723418301063 0.03164582799945492
0160 0.015519657172262669 -0.7401524782180786 2.8023157119750977 -151.00420079704642 -33.61817493410063 -123.77354920516224 0.03871614699892234
0161 0.006591807119548321 -0.7385852932929993 2.8029534816741943 -150.01847023128627 -34.27859192708787 -125.21243289854392 0.029609255005198065
0162 -0.003672342747449875 -0.7276281714439392 2.766514301300049 -150.91383619715563 -35.98812197854337 -125.85389755389161 0.034241443005157635
0163 -0.01259609404951334 -0.7271273136138916 2.771113872528076 -149.6656596399548 -34.4641968634252 -127.01279677585983 0.031106091002584435
0164 -0.022519361227750778 -0.7181916236877441 2.7481164932250977 -150.43224552403697 -34.132194723053466 -127.0556884564777 0.03568514899961883
0165 -0.030733823776245117 -0.7133805751800537 2.7364985942840576 -149.0377668144824 -34.227913022118706 -127.8991768336931 0.03803050800343044
0166 -0.04139413312077522 -0.7200524210929871 2.7703092098236084 -151.317729736864 -35.57246063959256 -127.77949720996901 0.04006147199834231
0167 -0.048372045159339905 -0.7162160873413086 2.759371042251587 -149.491398659177 -33.07344484841599 -128.30528108331583 0.03569941999739967
0168 -0.05675743892788887 -0.7137832045555115 2.758817434310913 -149.40351140830273 -30.999356816038212 -129.51810859035052 0.03558115700434428
0169 -0.06344503909349442 -0.7030832767486572 2.7232582569122314 -145.3921376623763 -30.19820315903705 -131.232460603969 0.05788228399615036
0170 -0.07121613621711731 -0.6995431184768677 2.71679949760437 -147.73911044435218 -29.496937674023687 -133.4872213936315 0.03587890599737875
0171 -0.07904075086116791 -0.7003253102302551 2.727609634399414 -145.37146316229953 -29.645810779685362 -135.2519985847361 0.03727394099405501
0172 -0.08544174581766129 -0.6920518279075623 2.7009594440460205 -144.05379561597772 -27.839738868818873 -138.01818065038344 0.03983185800461797
0173 -0.09172432124614716 -0.6832015514373779 2.6757729053497314 -142.58658401712324 -25.901871283704764 -139.75124953165061 0.033787915999710094
0174 -0.10008495301008224 -0.6844327449798584 2.690042734146118 -142.58456425220047 -26.035539461880667 -141.19761570685233 0.03864009499375243
0175 -0.10505742579698563 -0.6835576295852661 2.6924586296081543 -142.6858742760095 -25.103790707532 -143.04712624238326 0.037418866995722055
0176 -0.10529822111129761 -0.679646909236908 2.680131673812866 -142.14007571410653 -24.576245607602647 -142.95204942589285 0.03866616300365422
0177 -0.10600650310516357 -0.6798075437545776 2.681675910949707 -142.70603118679878 -24.266290665941195 -142.8008622030736 0.03176099999836879
0178 -0.10569943487644196 -0.6776043176651001 2.6731936931610107 -142.03595525336604 -24.326127314714476 -142.90999762722234 0.038530088000698015
0179 -0.10566578060388565 -0.6772027611732483 2.6716246604919434 -142.27189336418039 -24.636326452878016 -143.027007599495 0.03397705099632731
0180 -0.10567209124565125 -0.6771130561828613 2.671351194381714 -142.15352367549815 -24.450687308360575 -143.0842562690369 0.03973943900200538
0181 -0.10581547766923904 -0.6778126358985901 2.6742539405822754 -142.27538111263533 -24.255259532937625 -143.01757311279127 0.03262951700162375
0182 -0.10610625147819519 -0.6793254613876343 2.680600881576538 -142.45673066721082 -24.039189568717646 -142.7976468031871 0.03777137299766764
0183 -0.10605038702487946 -0.6790040731430054 2.6794323921203613 -142.4542335856529 -23.942439778881187 -142.69769621081664 0.03615733799961163
0184 -0.10619573295116425 -0.6793976426124573 2.6811060905456543 -142.69938996065378 -23.478943918910947 -142.4655741136051 0.04176762999850325
0185 -0.10640332847833633 -0.6801990270614624 2.684633731842041 -142.45432973297525 -23.40976489129387 -142.36453522970862 0.033168601999932434
0186 -0.10624460875988007 -0.6792663931846619 2.6809237003326416 -142.5865528693343 -23.416724167400414 -142.44893092009193 0.039983442999073304
0187 -0.10628557950258255 -0.6792897582054138 2.681023359298706 -142.43228076836292 -23.328356951939128 -142.47712767438856 0.03406526799517451
0188 -0.10635516047477722 -0.6794082522392273 2.681565761566162 -142.52249963189666 -23.229052561561392 -142.4517342649652 0.03963528900203528
0189 -0.1064634770154953 -0.6799972653388977 2.683933973312378 -142.5891999118477 -23.544533065539927 -142.4836400798475 0.03343093000148656
0190 -0.1062936782836914 -0.6795521378517151 2.681992530822754 -142.37922155151992 -23.732036160763336 -142.6184523613212 0.03877923399704741
0191 -0.10613449662923813 -0.6787311434745789 2.678682565689087 -142.44862350221175 -23.86639441854732 -142.70058480953372 0.03224299699650146
0192 -0.10597359389066696 -0.6781172156333923 2.676175594329834 -142.31428899114536 -23.956166154100654 -142.80246304994682 0.03936563799652504
0193 -0.10599514096975327 -0.6779410243034363 2.6758697032928467 -142.35515349006857 -24.367013847031732 -142.95134710532272 0.028104860000894405
0194 -0.10572397708892822 -0.6764965057373047 2.6700053215026855 -142.48609354893702 -24.061325876363437 -142.9315415960486 0.033348099001159426
0195 -0.10582216829061508 -0.6769356727600098 2.6715900897979736 -142.20721298777175 -24.205146958529046 -142.97662491219032 0.03277345999958925
0196 -0.1057201474905014 -0.6764326691627502 2.6696770191192627 -142.4154406373422 -24.412719353039133 -143.02199367589873 0.03436311400582781
0197 -0.10578558593988419 -0.6768402457237244 2.6712706089019775 -142.38228754229516 -24.068641222402224 -142.94356732743486 0.0333093809967977
0198 -0.10579486936330795 -0.6768349409103394 2.671229600906372 -142.35822269710798 -24.19416038182659 -142.92377845997459 0.03858346199558582
0199 -0.10574249923229218 -0.6766429543495178 2.6704771518707275 -142.3984204367629 -24.211007636559668 -142.9511008152341 0.0330859129971941
0200 -0.10594715178012848 -0.6775686144828796 2.6742234230041504 -142.41731153843824 -24.302353672009357 -142.91776404687664 0.043068931001471356
0201 -0.10580099374055862 -0.6769340634346008 2.671718120574951 -142.24091924177594 -24.28995760001183 -143.0041311372219 0.027211547996557783
0202 -0.10574163496494293 -0.6763706803321838 2.6696059703826904 -142.2403787640974 -24.112608971910664 -143.0403952452242 0.03948494700307492
0203 -0.1058296263217926 -0.6767863631248474 2.671269655227661 -142.0582580963429 -24.359158249354273 -143.12103994964662 0.03331994600011967
0204 -0.10573335736989975 -0.6761080026626587 2.668510675430298 -141.99135493608944 -24.56365412431047 -143.2792627321828 0.035572863002016675
0205 -0.10585950314998627 -0.6768392324447632 2.6712398529052734 -141.95847663712985 -24.586252354511142 -143.26512200669146 0.03501339500508038
0206 -0.10582400113344193 -0.676548182964325 2.6700029373168945 -142.10920438469552 -24.539753342013007 -143.22846841729407 0.03764346399839269
0207 -0.10584145039319992 -0.6768049597740173 2.670938014984131 -142.07005909786662 -24.583966880355998 -143.18920002639624 0.03183719499793369
0208 -0.10580601543188095 -0.6765871644020081 2.670013666152954 -142.13990412728324 -24.518058148650212 -143.13497746514457 0.04034697899624007
0209 -0.10589571297168732 -0.6769930720329285 2.6716420650482178 -142.23298375990828 -24.40395671996527 -142.9824092323951 0.03740762300003553
0210 -0.106016606092453 -0.6776282787322998 2.6742587089538574 -142.47499062472625 -24.24109998502526 -142.79850265453513 0.03775605199916754
0211 -0.10597927123308182 -0.6776555180549622 2.6741931438446045 -142.33100128231968 -24.159417643520527 -142.7391158207761 0.032801194000057876
0212 -0.10603591054677963 -0.6779136657714844 2.675255298614502 -142.47069898507146 -24.22589165653715 -142.67092012362963 0.038075656004366465
0213 -0.10606752336025238 -0.6780508160591125 2.6756224632263184 -142.2999729886628 -24.049159905012353 -142.7524810148854 0.03582085399830248
0214 -0.10593178123235703 -0.677674412727356 2.6738905906677246 -142.07573928519284 -24.37972671893695 -142.962436508986 0.038843119000375737
0215 -0.1059042364358902 -0.6775549650192261 2.6734395027160645 -142.2534307166696 -24.160450507628934 -142.9714841772494 0.038713328998710494
0216 -0.10587459802627563 -0.677386462688446 2.6728906631469727 -142.11708513880177 -23.942214675469597 -142.97074168277618 0.03622334499959834
0217 -0.10603833198547363 -0.678108811378479 2.6759960651397705 -142.30083322681057 -23.970413453963737 -142.85791570061826 0.03599056300299708
0218 -0.10572215169668198 -0.6768041253089905 2.6706690788269043 -142.145919427335 -24.27763288167387 -142.91377346820994 0.03857579900068231
0219 -0.1058596819639206 -0.6774682402610779 2.6733996868133545 -142.4642516719258 -24.095585507659997 -142.83324034275404 0.03298641700530425
0220 -0.10591616481542587 -0.6778033971786499 2.6748411655426025 -142.31707710779634 -24.063477924861754 -142.79184418601696 0.04043041200202424
0221 -0.10592420399188995 -0.6777465343475342 2.6747617721557617 -142.40773385776365 -24.31025580095884 -142.85795791181314 0.03190832299878821
0222 -0.10601254552602768 -0.6782743334770203 2.6770081520080566 -142.42672797201723 -24.19888106389017 -142.9315413831516 0.04151281800295692
0223 -0.1059923768043518 -0.678108811378479 2.6763548851013184 -142.48187792787002 -24.354954097676597 -142.93894689987403 0.032794628001283854
0224 -0.10599787533283234 -0.6781613230705261 2.676461696624756 -142.27098925175548 -24.311187810986404 -143.0017514419511 0.04268807000335073
0225 -0.10606592148542404 -0.6783421635627747 2.6773340702056885 -142.40193150374463 -24.18637535679862 -142.97712146814672 0.032586164998065215
0226 -0.10604406148195267 -0.6783971190452576 2.677579402923584 -142.29268909852615 -24.113820373251585 -142.9363311154702 0.03952333900087979
0227 -0.10604861378669739 -0.6782487630844116 2.6770753860473633 -142.43652814653436 -23.977455894160922 -142.8556028907743 0.03635445200052345
0228 -0.10608574002981186 -0.678554892539978 2.6782374382019043 -142.3867556278694 -24.031533618344746 -142.83369662174107 0.03909037900302792
0229 -0.10594627261161804 -0.6777001619338989 2.674894332885742 -142.28009633133956 -24.163142842526323 -142.8856597188145 0.035452804004307836
0230 -0.10593503713607788 -0.677649736404419 2.6746723651885986 -142.37652473521084 -24.14315756610856 -142.89136555771648 0.041237722005462274
0231 -0.10592664778232574 -0.6776025295257568 2.674482583999634 -142.3232116489263 -24.110987086142043 -142.8773334020101 0.03207926000322914
0232 -0.10581786930561066 -0.6771206855773926 2.672532558441162 -142.3573714592442 -24.284056265990415 -142.90182726080778 0.0404906139956438
0233 -0.1058226153254509 -0.6772576570510864 2.6730477809906006 -142.4019321131967 -24.145148035534064 -142.87696349077618 0.03386177300126292
0234 -0.10577000677585602 -0.6769370436668396 2.6717987060546875 -142.39200981016532 -24.1166493495851 -142.85466011226634 0.03761221800232306
0235 -0.10571188479661942 -0.6766489148139954 2.670659303665161 -142.39158315625855 -24.150472100568074 -142.87200657345582 0.035389702999964356
0236 -0.10582716763019562 -0.6771366596221924 2.6725258827209473 -142.3676934920508 -24.068746069923254 -142.87453367312742 0.039188826995086856
0237 -0.10586116462945938 -0.6773046851158142 2.673232078552246 -142.2816100585273 -24.001197307895975 -142.87786430461304 0.029862125004001427
0238 -0.10587017983198166 -0.6773029565811157 2.673257350921631 -142.32675720776993 -24.087754110666832 -142.88426994338064 0.03948520000267308
0239 -0.10583605617284775 -0.6771956086158752 2.6728100776672363 -142.3169444457542 -24.052413848027566 -142.8921270305528 0.03117813799326541
0240 -0.10587863624095917 -0.6773766279220581 2.673552989959717 -142.35162055804548 -24.008553089452377 -142.86011410474998 0.03776295699935872
0241 -0.10586392134428024 -0.6772424578666687 2.673053503036499 -142.35767026483686 -24.12578820881671 -142.8740134719316 0.03678830900025787
0242 -0.10588056594133377 -0.6773267388343811 2.6733179092407227 -142.33588301934827 -24.129703139569024 -142.8904035373156 0.04068905899475794
0243 -0.1058613583445549 -0.6772210597991943 2.672884702682495 -142.30771138595182 -24.20816767830943 -142.92350864045142 0.0355884899981902
0244 -0.10581253468990326 -0.6769781708717346 2.671860456466675 -142.34034352359478 -24.24479428987987 -142.95089598801678 0.03523694499745034
0245 -0.10583864152431488 -0.6771036982536316 2.6722607612609863 -142.30455750113697 -24.228041555129188 -142.96215225202852 0.03799080700264312
0246 -0.10580655187368393 -0.6769850850105286 2.6717476844787598 -142.2922874690504 -24.212609410285964 -142.96628184236462 0.042369636001239996
0247 -0.10579203069210052 -0.6768892407417297 2.6713407039642334 -142.2726321909569 -24.26191154594847 -142.9830272402663 0.0350347569983569
0248 -0.10579068213701248 -0.6769012212753296 2.6714401245117188 -142.31095489012537 -24.17788346273864 -142.97145800886017 0.038994205999188125
0249 -0.10582169145345688 -0.6770632266998291 2.672117233276367 -142.32198847511611 -24.157342472863267 -142.93422677208386 0.03822278600273421
0250 -0.1065320372581482 -0.6778855919837952 2.675950527191162 -143.15831498715477 -24.06374015164947 -142.67487151293838 0.039489738999691326
0251 -0.11073725670576096 -0.6785696148872375 2.6837267875671387 -143.0740923187364 -24.698273411477974 -143.24944120371615 0.03471550800168188
0252 -0.11603539437055588 -0.6713533401489258 2.665457248687744 -142.52331072643028 -24.131662651472876 -144.67478181484142 0.03776981800183421
0253 -0.12135454267263412 -0.6571207642555237 2.622138500213623 -141.2558642506705 -24.068799474389348 -145.38364989010628 0.03562972399959108
0254 -0.12836112082004547 -0.649764358997345 2.6077919006347656 -140.4977556948576 -24.338781158798426 -146.64137594504953 0.03401172599842539
0255 -0.1361684799194336 -0.6428179740905762 2.5980966091156006 -140.90039680625196 -21.554898338335416 -145.86288713234336 0.03301179099798901
0256 -0.14316172897815704 -0.6366005539894104 2.5897183418273926 -140.28054269596228 -23.21169540594417 -145.8644084623802 0.037176455996814184
0257 -0.1513107270002365 -0.6309553980827332 2.5851542949676514 -141.57098892462923 -23.61852038984116 -147.0401461055578 0.03662351999810198
0258 -0.15808410942554474 -0.6232250332832336 2.57170033454895 -140.7072012720101 -22.89428092007673 -146.5752418485972 0.0434629449955537
0259 -0.1666148602962494 -0.6199920177459717 2.5768470764160156 -140.551045554983 -22.761996073886788 -146.8760938116743 0.03561684700252954
0260 -0.17103663086891174 -0.6050552725791931 2.534104824066162 -140.28434895001956 -22.903099212420575 -147.31232661286796 0.04130642599920975
0261 -0.17987895011901855 -0.6023890972137451 2.5423412322998047 -141.08545803167158 -22.339239733149817 -147.43394486561795 0.028393844004312996
0262 -0.18630863726139069 -0.5933504700660706 2.525207996368408 -140.22966760596753 -21.921855022729854 -147.4058528781967 0.0371941789999255
0263 -0.1960913985967636 -0.5928913950920105 2.5444226264953613 -141.79012600144347 -20.913112699165993 -146.4005118757032 0.03292963300191332
0264 -0.20148663222789764 -0.5783011317253113 2.500255823135376 -140.55394361669565 -21.680058643638652 -146.48780413776575 0.04214228100317996
0265 -0.20964458584785461 -0.5751978158950806 2.506042242050171 -141.10230120579197 -21.664543792701636 -146.76193894936122 0.03452503700100351
0266 -0.21609216928482056 -0.5654870867729187 2.484156370162964 -141.27492788786765 -23.427379287085003 -147.20478752513515 0.0379062369975145
0267 -0.22279269993305206 -0.5565477013587952 2.465554714202881 -141.47878675724104 -22.19243151249323 -146.5398876822366 0.033823034005763475
0268 -0.230850487947464 -0.550264298915863 2.45976185798645 -141.42306965676298 -21.240136342054903 -146.54521057830473 0.037567288003629074
0269 -0.2391129434108734 -0.5454753637313843 2.461555004119873 -142.69865602793848 -21.297011061583998 -145.7456939451811 0.03100323800026672
0270 -0.2451236993074417 -0.5366541743278503 2.4429638385772705 -142.14922626391967 -21.730648546528087 -145.75182292088456 0.03542390000075102
0271 -0.2529906630516052 -0.5333409905433655 2.446927070617676 -142.06085116453787 -22.61244815174 -146.323477397507 0.03526852699724259
0272 -0.25830507278442383 -0.5361310839653015 2.4681873321533203 -144.7711734014775 -21.750553732267115 -144.82714807383678 0.03734104499744717
0273 -0.25895431637763977 -0.535176694393158 2.4658703804016113 -143.86114616705547 -22.363111933529918 -144.3947509867511 0.03368625599978259
0274 -0.2587928771972656 -0.5348033905029297 2.4633748531341553 -144.0744624446164 -21.79631227583973 -144.55242095271197 0.03622355999686988
0275 -0.25912246108055115 -0.5345390439033508 2.463996171951294 -143.88966986740553 -22.86159653527773 -144.96133365595958 0.033506122999824584
0276 -0.2584612965583801 -0.5338619947433472 2.4596052169799805 -143.7274064701811 -22.421204543675028 -145.11078437026197 0.03824399800214451
0277 -0.258516401052475 -0.5334816575050354 2.458430767059326 -143.4845433929491 -23.1271804522373 -145.53536409310607 0.03711065399693325
0278 -0.2584804892539978 -0.5336046814918518 2.45866060256958 -143.47432066842163 -22.874977022525155 -145.70775544666847 0.036079804005566984
0279 -0.2586865723133087 -0.5337375998497009 2.4596805572509766 -143.48611418464418 -22.967966828367004 -145.69745736549729 0.031813749999855645
0280 -0.25828903913497925 -0.5331935882568359 2.456848382949829 -143.367301893006 -23.00169764098347 -145.7458392065137 0.03668118399946252
0281 -0.2585451006889343 -0.5336608290672302 2.459097385406494 -143.58199345958306 -22.777240724369626 -145.61298788293234 0.03413062599429395
0282 -0.25848472118377686 -0.5334532260894775 2.4584317207336426 -143.37961450633134 -22.834701728567847 -145.65594956057774 0.037990298005752265
0283 -0.2584889233112335 -0.5335636138916016 2.4585514068603516 -143.46136551065425 -22.878773542576717 -145.68408169932124 0.031848165999690536
0284 -0.2585989832878113 -0.5335993766784668 2.458853006362915 -143.28528655392563 -23.024237726386957 -145.84177567835837 0.03748299500148278
0285 -0.25858011841773987 -0.5336808562278748 2.459033489227295 -143.42309273491807 -22.94098187010843 -145.798499309379 0.032825565001985524
0286 -0.2585604786872864 -0.5334744453430176 2.4583489894866943 -143.32943040169542 -22.88615557250019 -145.80292249153894 0.037387987998954486
0287 -0.25861024856567383 -0.5335875749588013 2.458784580230713 -143.40434437789222 -23.072447288717285 -145.77624074646604 0.03486432199861156
0288 -0.2585289776325226 -0.5335471034049988 2.458298683166504 -143.30805382379089 -23.234079593945744 -145.89131392154044 0.03509312499954831
0289 -0.25807681679725647 -0.5326098203659058 2.4538609981536865 -143.450166717749 -23.882637550537726 -146.12345559291003 0.034172703002695926
0290 -0.2580273449420929 -0.5325330495834351 2.4532883167266846 -143.0743847375494 -24.0223150302662 -146.50088593543086 0.04136193999875104
0291 -0.25840166211128235 -0.5332563519477844 2.4567582607269287 -143.35222038076648 -24.1044495914915 -146.4941025709796 0.03648373799660476
0292 -0.25850430130958557 -0.5334731340408325 2.457707643508911 -143.10051163004755 -24.181200493590378 -146.62606475623684 0.035841138000250794
0293 -0.2583625912666321 -0.5332850813865662 2.456622362136841 -143.3015351539268 -24.06556533707306 -146.5928824916903 0.03794797599402955
0294 -0.2586142420768738 -0.533612847328186 2.458651542663574 -143.06926132930337 -24.18678564967855 -146.64545408012785 0.0391219800003455
0295 -0.25829747319221497 -0.5332331657409668 2.456242322921753 -143.26833879799096 -24.20424504998953 -146.61729060261555 0.03366837400244549
0296 -0.2584954500198364 -0.533480167388916 2.4579672813415527 -143.00624664461284 -24.015746734069115 -146.65700081001447 0.040340676001505926
0297 -0.25846007466316223 -0.5334967970848083 2.4579176902770996 -143.48043277033233 -23.85153500420495 -146.38465163358052 0.03776609300257405
0298 -0.25849223136901855 -0.5333340764045715 2.4575366973876953 -143.02181383506556 -24.033776816069572 -146.5607723370228 0.04054049299884355
0299 -0.25850024819374084 -0.533571183681488 2.4583189487457275 -143.51666173937645 -23.57572176570502 -146.28483239829808 0.0388873310002964
0300 -0.25845372676849365 -0.5331526398658752 2.4571526050567627 -143.08207520088618 -23.943550772042588 -146.40397803365454 0.04091644100117264
0301 -0.2586383819580078 -0.5337628722190857 2.459714651107788 -143.7437042475945 -22.744958520584152 -145.85148144875293 0.036157531998469494
0302 -0.25876274704933167 -0.5337326526641846 2.460545063018799 -143.50406679256815 -23.029578841690874 -145.52747672816213 0.037438457999087404
0303 -0.25822651386260986 -0.5328987836837769 2.455961227416992 -143.44404086253044 -22.75178930493093 -145.5885969704379 0.03341937699588016
0304 -0.2583320140838623 -0.5329329967498779 2.4561421871185303 -143.63351445572818 -22.894118455012755 -145.5901961751009 0.03709813699970255
0305 -0.2577917277812958 -0.5320339798927307 2.4517695903778076 -143.32911519521343 -23.04933963133373 -145.81766557426408 0.033947283001907635
0306 -0.25797170400619507 -0.5322818160057068 2.453051805496216 -143.58384142587707 -22.936343188261265 -145.736096966848 0.040588787000160664
0307 -0.25750383734703064 -0.5314462184906006 2.449212074279785 -143.09191849027002 -23.212595641282377 -145.9565386226887 0.03684288800286595
0308 -0.2576175630092621 -0.5318231582641602 2.450374126434326 -143.3855412133807 -23.33061340162649 -146.02133906051924 0.03789287000108743
0309 -0.25734397768974304 -0.5313013792037964 2.4479727745056152 -142.93144766840834 -23.418120635212944 -146.28598336680778 0.035056631997576915
0310 -0.25755569338798523 -0.5316872596740723 2.449812889099121 -143.2868786393944 -23.370395882339633 -146.19709991259782 0.03975162399729015
0311 -0.25745275616645813 -0.5313695073127747 2.448636770248413 -143.03631717512647 -23.403811523071436 -146.27319424720548 0.03139740999904461
0312 -0.25756949186325073 -0.5317004323005676 2.4497575759887695 -143.27221144269393 -23.634691817989808 -146.29981059211778 0.03826170399406692
0313 -0.25743889808654785 -0.5314081907272339 2.44864821434021 -142.96605690995173 -23.460766352182848 -146.35626431713823 0.03144832399993902
0314 -0.25797274708747864 -0.5324147939682007 2.453369379043579 -143.480974988809 -23.448662310609375 -146.10525313462728 0.037570079999568406
0315 -0.2574937045574188 -0.5315136909484863 2.449286699295044 -142.88011908062097 -23.792635774620877 -146.37343600652042 0.03386848600348458
0316 -0.2576298713684082 -0.531895637512207 2.450861692428589 -143.2148306728582 -23.18881114646171 -146.17215458312262 0.03735813199455151
0317 -0.25771066546440125 -0.5318562984466553 2.4510433673858643 -143.05330019984987 -23.761769911032772 -146.28368826035862 0.03693473300518235
0318 -0.2573589086532593 -0.5314903259277344 2.4486899375915527 -142.9381803869489 -23.847299461250817 -146.50131899378428 0.03921238499606261
0319 -0.257280170917511 -0.5312069654464722 2.447657823562622 -142.81890518829496 -23.99771944749863 -146.6029477974584 0.03746337300253799
0320 -0.2572675049304962 -0.531244695186615 2.4476847648620605 -142.81632574969112 -23.778772176512746 -146.6073387719939 0.03869940299773589
0321 -0.25745880603790283 -0.5314847826957703 2.449092149734497 -142.92298366190963 -23.874715594817765 -146.5293544667417 0.03745787200023187
0322 -0.25738146901130676 -0.5315214395523071 2.4489879608154297 -142.8825410984806 -23.77747202372881 -146.53187186484607 0.04202665299817454
0323 -0.25773534178733826 -0.5321479439735413 2.451812982559204 -142.99665367223122 -23.87348637494138 -146.4892615752259 0.03612802900170209
0324 -0.25753122568130493 -0.5319051146507263 2.4504332542419434 -142.83111346392334 -23.959168646425532 -146.58574645016608 0.03851014300016686
0325 -0.257636159658432 -0.5320335030555725 2.450991153717041 -142.822069952763 -24.090365638142334 -146.68103757082628 0.03365881900390377
0326 -0.25759243965148926 -0.5319517850875854 2.450594902038574 -142.78083928580403 -24.132000597780532 -146.76564406282012 0.038759218994528055
0327 -0.25749874114990234 -0.5317138433456421 2.449570655822754 -142.63012231343762 -24.269614542757196 -146.86548743223858 0.03730907400313299
0328 -0.25731155276298523 -0.5313835144042969 2.448021650314331 -142.60211196734767 -23.991627691059048 -146.81885632166473 0.03978314100095304
0329 -0.2574999928474426 -0.5316938757896423 2.4494450092315674 -142.9271271602078 -24.407271362060946 -146.80211031843848 0.03833493900310714
0330 -0.2571943998336792 -0.5313119292259216 2.4474332332611084 -142.46634725595848 -24.42241626912929 -147.07187708304963 0.03752836499916157
0331 -0.2574108839035034 -0.5314885377883911 2.4486451148986816 -142.88978893789124 -24.033592851180313 -146.82313044358588 0.03438982200168539
0332 -0.25780272483825684 -0.5323006510734558 2.4524641036987305 -142.96212992685827 -24.046768634807457 -146.67358562523717 0.04209387199807679
0333 -0.2576034963130951 -0.5319800972938538 2.4508168697357178 -142.85133657093178 -24.220931206305963 -146.78085838728836 0.03684625199821312
0334 -0.25747227668762207 -0.5316624045372009 2.449479579925537 -142.78615890394667 -24.246782828784646 -146.8300538978458 0.042172481000307016
0335 -0.2575090527534485 -0.5317386984825134 2.4497694969177246 -142.88652232710322 -24.130440535587617 -146.79846008171847 0.034146573998441454
0336 -0.25769898295402527 -0.5321630835533142 2.4516749382019043 -142.94276618880284 -24.040421723072946 -146.69407654189817 0.041730455996003
0337 -0.2577148973941803 -0.53216153383255 2.4517664909362793 -142.92127794860576 -23.963277947988033 -146.65282210465324 0.03164328600541921
0338 -0.2576853930950165 -0.5321301221847534 2.451575994491577 -142.94669662059272 -23.982059670729345 -146.63826724680303 0.035560279997298494
0339 -0.2577030062675476 -0.5321625471115112 2.4517204761505127 -142.9218622817754 -24.043313355589397 -146.65360386654282 0.03428079799778061
0340 -0.2576921284198761 -0.5321558713912964 2.451667547225952 -142.9342467231513 -23.932416269940504 -146.6114513275229 0.040044989000307396
0341 -0.2578142583370209 -0.5323396921157837 2.452631950378418 -143.00285190863846 -23.884635017323447 -146.5463009100297 0.040057774996967055
0342 -0.2577691674232483 -0.5322301387786865 2.452120304107666 -142.9931002009964 -23.88790969762189 -146.51246854620655 0.04524645499623148
0343 -0.2577998638153076 -0.5323622822761536 2.45257830619812 -143.01477506554428 -23.94357457820571 -146.5129921436942 0.035892703002900817
0344 -0.25777050852775574 -0.5322675108909607 2.4522032737731934 -142.93205341540838 -24.09657071531032 -146.61244964744154 0.03447229399898788
0345 -0.25759387016296387 -0.5319165587425232 2.450573444366455 -142.91320327440528 -23.958394274613266 -146.62676194687486 0.0367399429960642
0346 -0.2576105296611786 -0.5286318063735962 2.4397237300872803 -142.55198175833544 -23.937811510593757 -146.74487552739873 0.03671615300117992
0347 -0.2605306804180145 -0.5209171772003174 2.417907476425171 -143.25701611294832 -22.862747908850146 -146.29259432557066 0.04014010199898621
0348 -0.2648990750312805 -0.5117430090904236 2.395191192626953 -142.2754481946807 -23.884131849618093 -145.63439643941678 0.0376186069988762
0349 -0.27166807651519775 -0.5042852163314819 2.3819284439086914 -144.125705246883 -25.52033762282732 -145.81359364641852 0.031665191003412474
0350 -0.27742770314216614 -0.49855169653892517 2.372912645339966 -142.71764111387938 -24.184961651635792 -145.28273366425665 0.038181469004484825
0351 -0.2822849154472351 -0.48718777298927307 2.340512275695801 -142.6310126880387 -24.14237762060031 -145.1500273171069 0.034029659000225365
0352 -0.2938990294933319 -0.48956263065338135 2.3759520053863525 -144.7655465488284 -22.478423833197972 -143.15685620014722 0.038135340000735596
0353 -0.29813969135284424 -0.4803703725337982 2.3520617485046387 -143.80008219874424 -23.00262957024629 -141.9889840424136 0.03111563499987824
0354 -0.3090434968471527 -0.47807714343070984 2.3647758960723877 -148.04910307818474 -24.545577316814633 -140.9459730553358 0.03788808199897176
0355 -0.31635400652885437 -0.47531673312187195 2.3662784099578857 -147.15479786415904 -23.294528955904468 -139.04002714262836 0.03670596700249007
0356 -0.3251371681690216 -0.4696868658065796 2.3625741004943848 -148.2709764800152 -24.261180177745903 -138.3252341585947 0.036218005006958265
0357 -0.3328167498111725 -0.465026319026947 2.359549045562744 -146.61589037136886 -25.456925532310784 -138.05606842512748 0.03364594400045462
0358 -0.3379877507686615 -0.4558941125869751 2.3356661796569824 -147.52382518443858 -25.951526315219095 -138.01376711539086 0.03873427700455068
0359 -0.3444329798221588 -0.4478987753391266 2.316113233566284 -146.5012476595589 -25.600008445402374 -137.96756173951442 0.03341747599915834
0360 -0.3521046042442322 -0.4409267008304596 2.3044850826263428 -145.86686470423294 -26.166096824484292 -137.8629296352078 0.0407459209964145
0361 -0.3620959222316742 -0.4381844103336334 2.3096373081207275 -147.35168330136798 -25.79250733259661 -137.4293508214097 0.034273876997758634
0362 -0.37616458535194397 -0.4394063353538513 2.3382768630981445 -148.56783296674615 -25.070894050240177 -135.57396586290452 0.04023107200191589
0363 -0.3926844000816345 -0.44242411851882935 2.377234935760498 -147.75496877869102 -23.909982298617436 -135.06641055115074 0.03261403700162191
0364 -0.39424726366996765 -0.43058401346206665 2.3342530727386475 -147.78212881525272 -25.460827726612806 -134.37105101442242 0.03902424500120105
0365 -0.40808114409446716 -0.4292965531349182 2.3536880016326904 -150.41643587925932 -25.29383661991402 -133.35123977545817 0.033494294999400154
0366 -0.4143817126750946 -0.4222528040409088 2.3370981216430664 -151.28011604083443 -26.126702130521924 -131.770621318683 0.0420793879966368
0367 -0.4160941243171692 -0.41287508606910706 2.305607795715332 -151.22907651371133 -28.534443800869315 -131.44716688353319 0.03373755200300366
0368 -0.4170348644256592 -0.41235682368278503 2.303516149520874 -153.85805889053464 -29.14243494109485 -131.2879481218279 0.04112489600083791
0369 -0.41796913743019104 -0.4127683639526367 2.306615114212036 -153.76015498205854 -28.92028389229303 -130.80512440237638 0.03508815100212814
0370 -0.418398916721344 -0.41289669275283813 2.3077008724212646 -154.37492363840133 -28.711153469184644 -130.41827313923758 0.0340645200049039
0371 -0.418621301651001 -0.41306087374687195 2.309067726135254 -154.022671628344 -28.225520714919856 -130.44041584013374 0.03768464700260665
0372 -0.41787347197532654 -0.4122259020805359 2.3050453662872314 -153.90260616849378 -28.640393284867123 -130.66447704702261 0.03894681499514263
0373 -0.4186348021030426 -0.4129701554775238 2.308821439743042 -153.7822919991513 -28.19389115690666 -130.7227139651519 0.03469917800248368
0374 -0.4187454879283905 -0.41293156147003174 2.309316635131836 -153.7371754878546 -27.99824240324466 -130.6806684353111 0.03994917499949224
0375 -0.4187476933002472 -0.41285744309425354 2.3093435764312744 -153.69318607049317 -28.338322896491277 -130.80535673121497 0.032284024004184175
0376 -0.4194292724132538 -0.4136260151863098 2.312650680541992 -153.81135951403286 -28.122865930501007 -130.6943254462212 0.03806316499685636
0377 -0.41883906722068787 -0.41293400526046753 2.3094418048858643 -153.6420419892053 -28.414991511108674 -130.76432319566914 0.03555892899748869
0378 -0.4191742241382599 -0.4132814407348633 2.3110902309417725 -153.98889228883033 -28.23738874171217 -130.69092651326093 0.042107166002097074
0379 -0.41853761672973633 -0.41273412108421326 2.3073623180389404 -153.61408156988688 -28.18245643170373 -130.69618763465985 0.03788519099907717
0380 -0.4183523952960968 -0.41266322135925293 2.306536912918091 -153.95907633354804 -28.148935034691075 -130.61228171800417 0.03906969400122762
0381 -0.41879594326019287 -0.41300779581069946 2.308708906173706 -153.93973028222865 -27.864163567575982 -130.4581118256616 0.036414341993804555
0382 -0.4183008670806885 -0.41253477334976196 2.3059730529785156 -153.83571407860234 -28.382747680384796 -130.58076983813837 0.038869390002219006
0383 -0.4187953472137451 -0.41307854652404785 2.3087615966796875 -154.0146488137045 -28.12412033815838 -130.57883753687776 0.035057061999395955
0384 -0.4187016487121582 -0.412918359041214 2.3081932067871094 -153.94497335245364 -28.0211672221034 -130.50692142746823 0.039941454997460824
0385 -0.41858506202697754 -0.4128405451774597 2.307724714279175 -153.766507286938 -28.04221876078579 -130.56739879738547 0.03578997199656442
0386 -0.4185935854911804 -0.4128413796424866 2.3077638149261475 -153.7314686414911 -27.736712608143783 -130.59200461943934 0.03588938400207553
0387 -0.41847309470176697 -0.41265347599983215 2.3071579933166504 -153.7815696439303 -27.756950526104713 -130.5523754326608 0.03486005699960515
0388 -0.41809993982315063 -0.4122768044471741 2.3050310611724854 -153.80049335528096 -27.826539789022533 -130.5740394498791 0.037558863004960585
0389 -0.4180017411708832 -0.4121953547000885 2.304617166519165 -153.9001535106749 -27.764982182547087 -130.55458672038753 0.03766439500031993
0390 -0.41777756810188293 -0.41194403171539307 2.3033406734466553 -153.96829408118626 -27.824934176580136 -130.49080189898436 0.03551079399767332
0391 -0.4178565740585327 -0.4120369553565979 2.304011106491089 -154.0441515162879 -27.983155410681075 -130.42036953233486 0.03262971399817616
0392 -0.417767196893692 -0.4120555818080902 2.3039538860321045 -154.25926239553917 -28.25510957605696 -130.34556401043224 0.03933676800079411
0393 -0.41786399483680725 -0.41218867897987366 2.3044519424438477 -153.99840742916405 -28.30049909407265 -130.46626227086418 0.03225603600003524
0394 -0.4181705713272095 -0.4125266969203949 2.3062584400177 -154.29387803611223 -28.323521096354494 -130.38157319564996 0.04240922899771249
0395 -0.4181838035583496 -0.412537544965744 2.306311845779419 -153.89538896177774 -28.221572798421057 -130.46452257633905 0.032640461999108084
0396 -0.4178377389907837 -0.4122704863548279 2.304525136947632 -153.89613196773914 -28.349172208681296 -130.54489568914062 0.034323727995797526
0397 -0.41849374771118164 -0.4128853678703308 2.3080148696899414 -154.18974802746465 -27.685254709460608 -130.33385596499122 0.03541367199795786
0398 -0.4176590144634247 -0.41204267740249634 2.30354905128479 -153.84714514708128 -28.154001376001894 -130.33719573829333 0.03886239700659644
0399 -0.41763734817504883 -0.412040114402771 2.3032450675964355 -154.19776769545885 -28.05736777858234 -130.37179240429674 0.034624542997335084
0400 -0.4179127514362335 -0.4122648239135742 2.3047640323638916 -154.24280496673796 -27.865298840270516 -130.2039141584002 0.04020131399738602
0401 -0.4176040589809418 -0.4118870496749878 2.3030781745910645 -154.22220837401363 -28.14016518732028 -130.24423648698928 0.03691221099870745
0402 -0.4176327586174011 -0.4119842052459717 2.303187131881714 -154.4167502852432 -28.161189290583675 -130.2811197239036 0.04225445900374325
0403 -0.4176144301891327 -0.4119220972061157 2.3029942512512207 -154.35455654292093 -28.059504064928635 -130.19245786853264 0.033152313000755385
0404 -0.4171215295791626 -0.41141369938850403 2.3003928661346436 -154.20898002836773 -28.24000526424144 -130.30691820755928 0.037114572995051276
0405 -0.4173547029495239 -0.411697119474411 2.301764726638794 -154.4295623187041 -28.05581525920886 -130.26920337179843 0.03157031999580795
0406 -0.4171994626522064 -0.41148632764816284 2.300894021987915 -154.0770675875635 -27.979459444591768 -130.29597711319883 0.033467835004557855
0407 -0.41691112518310547 -0.4112447202205658 2.299434185028076 -154.2271867340078 -28.19049569390193 -130.35713385425916 0.033420575004129205
0408 -0.41767650842666626 -0.41193467378616333 2.3034188747406006 -154.32710235279984 -27.906470528253198 -130.26263434786813 0.03814273400348611
0409 -0.41755154728889465 -0.4117589592933655 2.3027725219726562 -154.242419788314 -28.030414964417908 -130.2532515626412 0.03294274399377173
0410 -0.4178696274757385 -0.4121861755847931 2.30478835105896 -154.5412427507485 -28.052829086777212 -130.0958861370545 0.03882834600517526
0411 -0.4180208146572113 -0.4122430980205536 2.305180788040161 -154.5064765849846 -27.961067812527812 -130.06388236297477 0.033512312002130784
0412 -0.417828232049942 -0.41201987862586975 2.3041651248931885 -154.45131268873055 -28.06126136111271 -130.11523445495982 0.044727949003572576
0413 -0.4177044928073883 -0.4118976294994354 2.3033499717712402 -154.40847106525138 -28.021366511335472 -130.1533389296551 0.03207961300358875
0414 -0.4177740812301636 -0.41195690631866455 2.3039498329162598 -154.54052837239183 -28.29961455568934 -130.13611456125736 0.03695123900251929
0415 -0.418390154838562 -0.4125426709651947 2.3070218563079834 -154.68182680728899 -27.87535120029799 -130.08176587317985 0.03300493899587309
0416 -0.4177698493003845 -0.4119293987751007 2.303910970687866 -154.36472795079806 -28.137084293841195 -130.10892874601734 0.041070624996791594
0417 -0.417774498462677 -0.4119282066822052 2.3037209510803223 -154.66612450791345 -28.227513592903563 -130.1746012796574 0.0358903879969148
0418 -0.41831010580062866 -0.41237756609916687 2.3065035343170166 -154.61911031232734 -27.820558264515515 -130.0449555412011 0.04080248699756339
0419 -0.4178192913532257 -0.4119678735733032 2.304086685180664 -154.283323423894 -28.058721591309823 -130.14415710135518 0.03448818800097797
0420 -0.42201128602027893 -0.4132562577724457 2.313297748565674 -154.71049736837924 -27.007116205392368 -131.41712733209897 0.04189190599572612
0421 -0.4272110164165497 -0.41349753737449646 2.3217790126800537 -153.2145335639032 -25.520283338459432 -133.50028694384127 0.03509260600549169
0422 -0.43147164583206177 -0.41166362166404724 2.3199589252471924 -150.24044547178144 -25.37556797575609 -137.9568149884373 0.038286123002762906
0423 -0.42896294593811035 -0.4044245779514313 2.285916328430176 -147.0543943831944 -25.6117572524066 -143.22010472018542 0.033548520994372666
0424 -0.42368844151496887 -0.39507991075515747 2.2411811351776123 -144.43685531556048 -22.347407649006023 -147.30221073750081 0.04171871199650923
0425 -0.42473116517066956 -0.39078372716903687 2.2277896404266357 -143.54628025922884 -20.369443541224427 -150.8597395228693 0.031766243002493866
0426 -0.4296781122684479 -0.38661709427833557 2.222940444946289 -142.86690749792646 -17.352789995156062 -150.74437868601095 0.04043412299506599
0427 -0.4391487240791321 -0.38650423288345337 2.2475454807281494 -145.25690204585752 -14.792186081720718 -148.31652611220625 0.031861716001003515
0428 -0.44319257140159607 -0.38269758224487305 2.245609998703003 -143.44632044074268 -17.26060896268466 -146.86733405022267 0.039994865997869056
0429 -0.44915568828582764 -0.38149991631507874 2.2561283111572266 -146.15307660783995 -21.81620285160132 -147.54114984848536 0.031807321996893734
0430 -0.4498949944972992 -0.37614893913269043 2.2448606491088867 -146.0086447601714 -21.469225995645036 -145.1798974257674 0.03550924499722896
0431 -0.4556248188018799 -0.37256360054016113 2.2448008060455322 -146.24289429267586 -23.379140962984348 -145.13494424857242 0.031202853002469055
0432 -0.45746636390686035 -0.36643949151039124 2.226808786392212 -146.34033788239023 -24.520425633179816 -143.96061853468964 0.033161629995447583
0433 -0.46620842814445496 -0.36287155747413635 2.233243465423584 -146.735790182735 -24.017547616797742 -142.43102956017634 0.033331332000670955
0434 -0.4656202793121338 -0.35394686460494995 2.203972816467285 -147.14910551195686 -26.655577209631847 -140.78810973842292 0.039028374005283695
0435 -0.4799051284790039 -0.353247731924057 2.229245662689209 -150.33540542187419 -23.77461683773528 -138.24080799969227 0.03413409700442571
0436 -0.48353952169418335 -0.3469656705856323 2.216310739517212 -149.11557452461253 -25.589170887989976 -136.63466198788404 0.0391070870027761
0437 -0.49567386507987976 -0.3438722491264343 2.224407196044922 -150.32789009491862 -24.096959670207262 -136.41758646245233 0.03503854999871692
0438 -0.5066370964050293 -0.3415020704269409 2.2365312576293945 -151.14000444123346 -22.679764380615396 -134.00965968142273 0.03727264399640262
0439 -0.5084549784660339 -0.33118414878845215 2.201481819152832 -152.91470986156372 -28.31894957875298 -133.55943175880387 0.03778534899902297
0440 -0.5153602957725525 -0.3245483636856079 2.188288927078247 -152.6482782068429 -26.79932598677966 -134.14813381070886 0.03568148300109897
0441 -0.5300691723823547 -0.3236987590789795 2.211963176727295 -153.05247659942526 -27.045308086654646 -132.85871062740753 0.036892670002998784
0442 -0.5388340950012207 -0.318805068731308 2.2111687660217285 -154.22882241561013 -26.428807122226516 -131.17230377667272 0.040839946996129584
0443 -0.5474323630332947 -0.3159469962120056 2.21669340133667 -156.2039163175604 -27.683764038819994 -128.47333834608537 0.03313548800360877
0444 -0.5503365993499756 -0.3086763620376587 2.191837787628174 -158.9401969241282 -28.68038691341688 -125.66404197484168 0.03597037600411568
0445 -0.5580173134803772 -0.30753764510154724 2.200950860977173 -159.0093174715692 -28.11975344304492 -123.34814130160198 0.03548171799775446
0446 -0.557260274887085 -0.299919992685318 2.1721091270446777 -162.74777678152745 -31.360395648409924 -120.21061241023693 0.033973452998907305
0447 -0.5611720681190491 -0.2975708246231079 2.1649022102355957 -164.7420274235471 -33.96885497554979 -118.1723359776433 0.03812384299817495
0448 -0.5638551115989685 -0.29616299271583557 2.162261962890625 -164.7796676094367 -32.46552620946747 -117.7397260520273 0.038561121000384446
0449 -0.5682499408721924 -0.2976410984992981 2.175450563430786 -168.09854843720984 -32.08626520602369 -115.48288810712654 0.033107786999607924
0450 -0.5657769441604614 -0.29649126529693604 2.1665515899658203 -163.19745924076332 -29.991899751799675 -117.24030038280212 0.03850480599794537
0451 -0.5674585700035095 -0.29646432399749756 2.169424533843994 -170.51496023315195 -34.58178556016726 -113.47714223672833 0.03439909299777355
0452 -0.5656623840332031 -0.29590415954589844 2.164644479751587 -162.468210739844 -29.829842316972776 -117.80014185089738 0.037537327996687964
0453 -0.5679929852485657 -0.2965688407421112 2.170806646347046 -170.03877623099157 -34.5911986795654 -113.8334083036338 0.0356694240035722
0454 -0.5653092265129089 -0.29578495025634766 2.163386344909668 -162.95305984070592 -30.000352046720106 -117.67342202122504 0.04218651200062595
0455 -0.5677842497825623 -0.296554833650589 2.170283794403076 -169.63777109365256 -34.291727005080354 -114.18957462553193 0.030463035000138916
0456 -0.564624011516571 -0.29540732502937317 2.1603927612304688 -163.45037959014036 -30.255635140094768 -117.28644352965486 0.03901796600257512
0457 -0.5658408999443054 -0.29568949341773987 2.1635050773620605 -169.11276715963325 -33.61569855396716 -114.5531733491963 0.0334216710034525
0458 -0.5646240711212158 -0.2954557538032532 2.160649061203003 -163.90655470289929 -30.143405426230157 -117.05565641691382 0.03764752500137547
0459 -0.5662046074867249 -0.2959061563014984 2.165191411972046 -168.9970003623957 -33.38491402053713 -114.56211026676804 0.0364111300004879
0460 -0.5642025470733643 -0.29523998498916626 2.1590278148651123 -164.00281048676862 -30.574670991622252 -117.04287319024606 0.03705270199861843
0461 -0.5657203793525696 -0.295639306306839 2.163510322570801 -169.1224456620515 -33.36276840773857 -114.62607971458284 0.035215689000324346
0462 -0.5645296573638916 -0.295425146818161 2.159947633743286 -163.9446155743634 -30.631606716558103 -117.06059368740837 0.04278497300401796
0463 -0.5656313896179199 -0.2955208718776703 2.162710189819336 -169.74809947849903 -33.73592838331069 -114.29848145145873 0.03311430599569576
0464 -0.5654772520065308 -0.2958627939224243 2.163400888442993 -163.9206473440965 -30.421335538390863 -117.0050269230702 0.03672391600412084
0465 -0.5661782026290894 -0.2957707941532135 2.1646580696105957 -169.68055947109892 -33.87390153807564 -114.32133151884388 0.0359839259981527
0466 -0.565973162651062 -0.2959701120853424 2.1646766662597656 -164.23774623716912 -30.774603388095016 -116.98786578808 0.0368847130012
0467 -0.5656791925430298 -0.2955833971500397 2.1632421016693115 -169.0880728852541 -33.84040679206873 -114.71050762590895 0.036428417995921336
0468 -0.5653099417686462 -0.29564911127090454 2.1622183322906494 -164.1231857473125 -31.239879797169806 -117.15051323217325 0.043772266995802056
0469 -0.5659331679344177 -0.2957533299922943 2.164616823196411 -168.3009512687577 -33.695174700330114 -115.14227210803743 0.03343871900142403
0470 -0.5652480721473694 -0.2957893908023834 2.1629228591918945 -163.95847594028348 -31.46882705068441 -117.28072054912437 0.037072360995807685
0471 -0.5667285919189453 -0.2961299419403076 2.167559862136841 -168.61104192384974 -33.635803111891946 -115.04756920303195 0.033158430000185035
0472 -0.5655247569084167 -0.29592165350914 2.1639671325683594 -163.79356506768636 -31.36822274923678 -117.29547885317093 0.04100486600509612
0473 -0.5668671727180481 -0.29619231820106506 2.168177604675293 -168.59397474800923 -33.44011433126963 -115.0060400867517 0.0358983120022458
0474 -0.5656388998031616 -0.29598408937454224 2.1644465923309326 -163.5671932571121 -30.930821010158105 -117.29789418837291 0.040748875006102026
0475 -0.5669588446617126 -0.29614904522895813 2.1681339740753174 -168.67391472406604 -33.03755909389946 -114.80048685227909 0.031059378998179454
0476 -0.5645060539245605 -0.2953872084617615 2.1604456901550293 -163.59145162760788 -30.71064099190236 -117.1920046841683 0.03855398500309093
0477 -0.5664581060409546 -0.2958711087703705 2.1660220623016357 -168.73573872745604 -33.388576790107074 -114.66650244869686 0.03133272100239992
0478 -0.564311683177948 -0.2953075170516968 2.1594879627227783 -163.13719432752643 -30.71655387888929 -117.55084790259356 0.038855159997183364
0479 -0.5672110915184021 -0.2963244915008545 2.168947696685791 -168.7318321858368 -33.35077154923498 -114.6871488053906 0.03722877299878746
0480 -0.564599335193634 -0.29551076889038086 2.160640239715576 -162.7004993322642 -30.843057029942464 -117.743112416499 0.04072064500360284
0481 -0.5663718581199646 -0.2958478629589081 2.1655778884887695 -168.319284943925 -33.67830437905783 -114.91394016128545 0.032671940003638156
0482 -0.5637664198875427 -0.29511621594429016 2.157280445098877 -162.7009864325786 -31.369924861458536 -117.87917929864453 0.03794013900187565
0483 -0.5665825009346008 -0.2960508465766907 2.1666676998138428 -168.2004159019564 -33.32806129064804 -115.13706480545274 0.03324147599778371
0484 -0.5644044280052185 -0.295414537191391 2.1596693992614746 -162.84443870509705 -30.965301064794122 -117.71141828331471 0.042677831996115856
0485 -0.5666726231575012 -0.2960715591907501 2.1665637493133545 -168.41023540900864 -33.53132320412898 -114.9051891038495 0.033041098999092355
0486 -0.5640280246734619 -0.2952435314655304 2.1580653190612793 -162.8239813218561 -31.373194651406966 -117.65867838405843 0.03546314000413986
0487 -0.5656614303588867 -0.2956438660621643 2.1631879806518555 -167.9629811947813 -33.57190409331959 -115.12939837655027 0.03502426300110528
0488 -0.5635457634925842 -0.2950955331325531 2.15653395652771 -162.65477874292543 -31.694630245715 -117.79932602749952 0.038424948004831094
0489 -0.5661635994911194 -0.2959482967853546 2.1654324531555176 -168.19038533174754 -33.316318233696045 -115.11015945392157 0.03700430000026245
0490 -0.564548909664154 -0.29557693004608154 2.1604456901550293 -163.23599803006496 -31.349140553008965 -117.39208951336134 0.03609576499729883
0491 -0.5661340355873108 -0.2959449887275696 2.1653265953063965 -167.8635127210525 -33.08649785008944 -115.24608981288931 0.03503027000260772
0492 -0.5634264945983887 -0.2949618995189667 2.1562604904174805 -163.15072138927258 -31.495439116663587 -117.50268757379446 0.039155364996986464
0493 -0.5660897493362427 -0.2959110140800476 2.1651792526245117 -167.72296813266638 -32.856661472193096 -115.39782799036527 0.033482607002952136
0494 -0.5637041330337524 -0.2950797379016876 2.157259702682495 -163.3995084071726 -31.347703838859513 -117.40518657202294 0.03645977199630579
0495 -0.5659894943237305 -0.29583990573883057 2.1647391319274902 -167.82056240429802 -32.96860199818177 -115.35861279914279 0.03365818800375564
0496 -0.5636892914772034 -0.29504457116127014 2.157095193862915 -163.31042942085864 -31.278530949654847 -117.48205660085343 0.03770343499490991
0497 -0.5661898255348206 -0.29591670632362366 2.165372133255005 -167.9086750388503 -32.95451976865931 -115.29845003135625 0.03554312100459356
0498 -0.5634562969207764 -0.29491090774536133 2.1561622619628906 -163.2790703637537 -31.346535710872104 -117.50424946559816 0.04069868700025836
0499 -0.5657436847686768 -0.29567497968673706 2.1637139320373535 -167.77855243580242 -32.95056383531758 -115.39753599806785 0.033442957006627694
0500 -0.5629916191101074 -0.2946833670139313 2.155707836151123 -162.58264685821126 -31.369739468349035 -117.95870499754007 0.038705293998646084
0501 -0.5662067532539368 -0.29563912749290466 2.1651453971862793 -168.02770779333525 -33.784129619909436 -115.24024419870004 0.03456883999751881
0502 -0.5630332827568054 -0.2947843372821808 2.1561596393585205 -162.10660298348614 -31.07925861929698 -118.28413426322493 0.041086384997470304
0503 -0.5670782327651978 -0.2960798740386963 2.168111801147461 -168.55277445392372 -33.98459767270559 -114.91099326663308 0.03401811000367161
0504 -0.5632196664810181 -0.29493090510368347 2.1568522453308105 -161.89048356535315 -31.003012577854122 -118.34100769338622 0.0363926639984129
0505 -0.5670960545539856 -0.2960851490497589 2.168041944503784 -168.8226662855304 -34.04681299351068 -114.75261414978966 0.03370996499870671
0506 -0.5634452700614929 -0.29500895738601685 2.157569169998169 -161.9718068035659 -30.88685906885521 -118.25764553285232 0.03708147699944675
0507 -0.5666980743408203 -0.2958585321903229 2.166445016860962 -168.7667383337235 -34.154343842806725 -114.73398211648647 0.040317352999409195
0508 -0.562937319278717 -0.2947768568992615 2.1555464267730713 -162.2656562807928 -31.0374048653235 -118.19214607910486 0.038837587999296375
0509 -0.5662760138511658 -0.2956515848636627 2.164750814437866 -169.05212952426453 -34.28346086247348 -114.60458067412374 0.03464123199955793
0510 -0.5627515316009521 -0.2946479618549347 2.154740810394287 -162.01536269620715 -30.701466549689368 -118.25336911980958 0.03918975200213026
0511 -0.5662240386009216 -0.295652836561203 2.1645681858062744 -168.95746523781423 -34.218569382885754 -114.53331030763682 0.03381031999742845
0512 -0.5699271559715271 -0.29466512799263 2.166630983352661 -166.96628666417536 -31.782886063030784 -114.87923215865426 0.03745447199617047
0513 -0.5741431713104248 -0.29331114888191223 2.1636335849761963 -166.8010823403885 -32.22541727019639 -113.67636869023715 0.035157265003363136
0514 -0.5744181871414185 -0.2892460823059082 2.145188331604004 -166.9777421632116 -34.96392606534302 -113.22420799838348 0.034938753000460565
0515 -0.5773429870605469 -0.2885199785232544 2.1454203128814697 -166.55181827014422 -32.15888096279106 -112.55529283667462 0.03443720199720701
0516 -0.5845441818237305 -0.2887454330921173 2.1578922271728516 -170.7645543868509 -32.14674051481818 -108.80500544187876 0.04038847800256917
0517 -0.5869039297103882 -0.28748971223831177 2.156018018722534 -169.77358926590188 -32.22101632162614 -108.1934074184216 0.03301603099680506
0518 -0.5882973074913025 -0.28599706292152405 2.1500680446624756 -172.3041092223237 -37.64438313487237 -106.11482726902861 0.03762198199547129
0519 -0.5969367623329163 -0.2867053151130676 2.164199113845825 -171.63344384539954 -31.047735072323214 -107.35627036622377 0.03282616499927826
0520 -0.6023959517478943 -0.2877956032752991 2.1740434169769287 -172.8605119794706 -31.888983316800505 -104.82088303809608 0.035887568003090564
0521 -0.6066203713417053 -0.28808316588401794 2.1794943809509277 -172.88526373357334 -32.68934862332344 -104.55217886927456 0.03696022799704224
0522 -0.6072585582733154 -0.2864116132259369 2.1698734760284424 -172.81414254671054 -30.68611101664716 -105.07567045077651 0.03655727300065337
0523 -0.616687536239624 -0.28791001439094543 2.191433906555176 -174.8347985678028 -33.13393273418437 -102.39802413725991 0.03386937799950829
0524 -0.6196758151054382 -0.28767073154449463 2.1908929347991943 -175.736252491224 -33.363756384601125 -101.40258985180422 0.033875642002385575
0525 -0.6230709552764893 -0.28695204854011536 2.19124436378479 -175.36372392727566 -34.14057357915418 -100.34597710501117 0.03515516199695412
0526 -0.6256663799285889 -0.2858191132545471 2.1873579025268555 -178.18868408138601 -33.22649527166996 -97.80573235907559 0.03800961699744221
0527 -0.6264740228652954 -0.28372955322265625 2.1779022216796875 176.00509104369195 -33.56036531916683 -91.62612442527458 0.030178087996318936
0528 -0.633994996547699 -0.2848740518093109 2.190549373626709 178.08646422286517 -33.95731725399497 -91.74053621454402 0.03890644799685106
0529 -0.6386579871177673 -0.28477948904037476 2.194725275039673 176.2119655468393 -33.21247912046466 -89.73369105949287 0.035932085003878456
0530 -0.6434493064880371 -0.284770667552948 2.1982421875 174.97243269668857 -31.91290238137419 -87.74248435738448 0.04481741699419217
0531 -0.6461161375045776 -0.28428271412849426 2.197265863418579 173.10007446200356 -32.27917783630769 -85.11814886645158 0.035219778001192026
0532 -0.6474820971488953 -0.2834014594554901 2.1917576789855957 174.28048646126226 -32.918817993419395 -85.54506679500062 0.04110381299688015
0533 -0.6533634662628174 -0.2840055823326111 2.1991240978240967 173.3998580773961 -33.24247141937248 -84.85386831033453 0.03439193699887255
0534 -0.655960202217102 -0.28368330001831055 2.1965525150299072 173.7177414095263 -33.37372751041457 -84.88934299024909 0.04445205399679253
0535 -0.657669186592102 -0.2829034626483917 2.1917061805725098 172.41905984457472 -33.66028185178957 -84.13102272965041 0.03455586000200128
0536 -0.6583532094955444 -0.28195303678512573 2.183481454849243 173.67596295175426 -32.347895034728126 -85.50284991355198 0.04171841299830703
0537 -0.6636286973953247 -0.28302013874053955 2.1920597553253174 174.96711952638103 -33.75746977236037 -85.87142570838441 0.03465819700068096
0538 -0.6692643761634827 -0.28384873270988464 2.200029134750366 172.60130006557137 -32.82826380887162 -84.66535266318196 0.03857234900351614
0539 -0.6730824112892151 -0.2843535840511322 2.2016921043395996 177.13178679483548 -33.807747521835516 -87.41157955880038 0.033980685999267735
0540 -0.6764639019966125 -0.2842785716056824 2.2012312412261963 172.7108371237953 -33.503934735285284 -84.574019826591 0.03335335400333861
0541 -0.6802819967269897 -0.28482183814048767 2.204481363296509 176.29201579518434 -34.35955137274331 -87.12367026629205 0.03768299800140085
0542 -0.6768343448638916 -0.2819306552410126 2.182401657104492 171.88280626401774 -34.75660110821445 -84.22965440883463 0.03570025699445978
0543 -0.679686427116394 -0.2820252478122711 2.182203531265259 174.79256152978908 -34.76206029787473 -86.68199651125236 0.03219803699903423
0544 -0.6846145987510681 -0.2821952700614929 2.1874749660491943 171.35243827111913 -33.56282806436194 -84.6429832010698 0.03743797299830476
0545 -0.6905072927474976 -0.2834043502807617 2.1966652870178223 176.5382767609934 -33.704544091265895 -87.66819168675588 0.031841572003031615
0546 -0.6986107230186462 -0.28557243943214417 2.2124977111816406 174.77425946422255 -34.27613452481138 -86.45006861708892 0.038156046997755766
0547 -0.7017338275909424 -0.28554004430770874 2.212555408477783 174.47569492739134 -34.8109426677713 -86.30979806671824 0.03286119899712503
0548 -0.7005767226219177 -0.2835835814476013 2.1988959312438965 173.3882300681437 -35.45387697799026 -85.57803119324359 0.04243952900287695
0549 -0.7010765671730042 -0.2827630043029785 2.191480875015259 172.14152765295708 -33.81716009277345 -85.31670855987252 0.03402508099679835
0550 -0.7098724842071533 -0.28537118434906006 2.209517002105713 174.79439178720224 -33.43759327962052 -86.65686791162803 0.04201141300291056
0551 -0.7135357856750488 -0.28574076294898987 2.2116966247558594 172.49192542849374 -33.60124635152582 -84.89467267339124 0.03529575599532109
0552 -0.7151311635971069 -0.285057008266449 2.2070252895355225 173.64794457451757 -34.117606426498874 -85.54001872850856 0.04131881400098791
0553 -0.7178869843482971 -0.2849312424659729 2.2071750164031982 174.18447583151976 -34.064755949030655 -85.86030218690782 0.03316676300164545
0554 -0.7244240641593933 -0.28639695048332214 2.217186689376831 174.5058891614553 -35.075790690826786 -85.99755243284552 0.03959407100046519
0555 -0.7223162055015564 -0.2847115993499756 2.2045738697052 171.3682021588393 -34.59587520714739 -84.48918173654353 0.036429030005820096
0556 -0.7205556035041809 -0.28383511304855347 2.197866201400757 175.7204393521228 -33.492113636054576 -87.48486283922084 0.036901732004480436
0557 -0.725098192691803 -0.2857901155948639 2.2102625370025635 170.72526844356742 -35.05479002042833 -83.52590853152837 0.0349444749954273
0558 -0.7184039950370789 -0.2830897867679596 2.190511465072632 177.66407948738123 -35.12722628868885 -88.26894146309532 0.03957305700168945
0559 -0.7223543524742126 -0.2841464579105377 2.20046329498291 170.2258332668507 -36.44257915930546 -82.9438368185783 0.033235162001801655
0560 -0.7191300392150879 -0.2833079397678375 2.192060947418213 178.1439533906576 -34.29495315606985 -89.22067347807092 0.043524881002667826
0561 -0.7239084243774414 -0.28499653935432434 2.2055883407592773 170.86957324722053 -35.687283391631766 -83.27028797364059 0.03344281599856913
0562 -0.7165201306343079 -0.28239765763282776 2.184591293334961 177.97961063590733 -34.45862543693385 -88.8623504453996 0.04095485300058499
0563 -0.7216873168945312 -0.28414952754974365 2.1987271308898926 170.70406999631263 -35.580434783487696 -83.39786620112724 0.034767545002978295
0564 -0.714055061340332 -0.2815132141113281 2.1776816844940186 177.23818285721978 -34.62977218813936 -88.63191085204835 0.04144832299789414
0565 -0.7198811173439026 -0.2833065092563629 2.1929004192352295 169.78735820221942 -34.91342988239333 -83.01731947125667 0.035624722004286014
0566 -0.7148528099060059 -0.281719833612442 2.1801273822784424 177.44361505357068 -35.166879311503706 -88.33204283068376 0.041951974999392405
0567 -0.7169533967971802 -0.2821040451526642 2.184152603149414 169.38536151906564 -35.80626628070201 -82.80198191701618 0.03351900900452165
0568 -0.7112305164337158 -0.28033247590065 2.1691596508026123 178.06890422113395 -34.652949051906496 -88.97226910209221 0.03695805899769766
0569 -0.7188688516616821 -0.282867968082428 2.1890695095062256 169.74767184070342 -34.78254449433666 -82.95511390671142 0.03235787200537743
0570 -0.7153332233428955 -0.2819998860359192 2.181281805038452 176.86332679006443 -35.01671586496664 -87.79904955995973 0.039998390995606314
0571 -0.7166033983230591 -0.2820473313331604 2.183089256286621 169.21457235512102 -35.823143388356826 -82.67113753550242 0.03364300599787384
0572 -0.7135438919067383 -0.28119775652885437 2.1757471561431885 177.35928801307685 -34.690223289239846 -88.5855121486087 0.03890049600158818
0573 -0.7203410863876343 -0.283462792634964 2.194011926651001 169.8679923261886 -34.928202705590735 -82.91130969470223 0.03230481899663573
0574 -0.715164303779602 -0.2819262444972992 2.1806447505950928 177.61721580521362 -35.34452262861062 -88.45429517450899 0.03817848400649382
0575 -0.717547595500946 -0.2822890877723694 2.1855075359344482 169.141922937657 -35.539613224995705 -82.50146417218701 0.0350575470001786
0576 -0.7136133313179016 -0.2813700735569 2.175727128982544 178.2056059916353 -34.57839859930594 -88.9414258483757 0.041831930000626016
0577 -0.7199786901473999 -0.2835012972354889 2.1925766468048096 170.09529597042905 -35.20475007742534 -83.04908685730265 0.03266213499591686
0578 -0.7146137356758118 -0.2817462682723999 2.179269552230835 177.10442196959374 -35.22166651486928 -88.21250122922098 0.036616729994420893
0579 -0.7174331545829773 -0.28221940994262695 2.1849234104156494 168.81715871188322 -35.22782891284811 -82.39080814794052 0.03469500500068534
0580 -0.7146109342575073 -0.2817762792110443 2.1786532402038574 179.34928735386734 -34.7697051545143 -89.4303175013012 0.040868279997084755
0581 -0.7181892991065979 -0.28269389271736145 2.186960458755493 169.50561848953177 -35.87864005485544 -82.79776907886723 0.030007895002199803
0582 -0.7120344042778015 -0.28080496191978455 2.171318292617798 178.74345806000628 -34.339382401663975 -89.20678724079379 0.03865890000452055
0583 -0.717927098274231 -0.2827419340610504 2.1865592002868652 169.86964930908104 -35.64852909908217 -82.87356995862795 0.03263567599788075
0584 -0.7132558822631836 -0.2811685800552368 2.1747853755950928 178.120091082404 -34.87252388329204 -88.89024141033148 0.03827131900470704
0585 -0.719310462474823 -0.2830697298049927 2.190490245819092 169.5741641925153 -35.50930054925997 -82.75253115563993 0.03244767899741419
0586 -0.7134206891059875 -0.2813665568828583 2.175405502319336 179.88837751788174 -34.51492440678081 -89.97943377669985 0.0373692060020403
0587 -0.7165408134460449 -0.2822182774543762 2.182626724243164 169.5777334508442 -36.185963297944156 -82.45218820480723 0.03414903600059915
0588 -0.7118913531303406 -0.2808164656162262 2.169968366622925 -178.07055436706577 -34.2425156129883 -91.49645959021144 0.03784707299928414
0589 -0.7172058820724487 -0.282518595457077 2.1854076385498047 171.584555237832 -37.274031292339025 -83.29355054793523 0.03831743499904405
0590 -0.7102227210998535 -0.2799840271472931 2.1651222705841064 -175.69568259224314 -33.665995070162865 -93.16962611285182 0.036566755996318534
0591 -0.7151656150817871 -0.28162118792533875 2.179266929626465 172.1619723223291 -37.55391643533709 -83.38863607304079 0.035738001999561675
0592 -0.7099566459655762 -0.2795761525630951 2.164395332336426 -177.48190927511095 -33.40966711001356 -92.22023148301695 0.0345674060008605
0593 -0.715404748916626 -0.28145602345466614 2.1801321506500244 171.44569243758514 -36.7707357675139 -82.96790113082307 0.03500374100258341
0594 -0.7123427987098694 -0.28081607818603516 2.171675205230713 -175.03361006602475 -32.54631369141454 -93.36761897922722 0.039364998003293294
0595 -0.7143056392669678 -0.281350314617157 2.1774604320526123 172.14976604919894 -37.38675161849722 -83.11328099993989 0.036404839003807865
0596 -0.7098387479782104 -0.27950918674468994 2.164264440536499 -177.77465011925733 -32.67144570943609 -92.14279941183811 0.03631686200242257
0597 -0.7131390571594238 -0.2805818021297455 2.1734395027160645 170.3267880255792 -36.76662170044485 -82.00773758274909 0.03344837799522793
0598 -0.7129300236701965 -0.28120923042297363 2.173487424850464 -175.22251630481563 -32.642244540505786 -93.44036159437007 0.03852988099970389
0599 -0.7154504656791687 -0.2817862629890442 2.18111252784729 172.3732535321665 -37.233909021520645 -83.2095826073724 0.03834751700196648
0600 -0.7117674350738525 -0.28024470806121826 2.1699774265289307 -178.75257776767114 -32.32973886162001 -91.56558494333821 0.03757805599889252
0601 -0.7143679857254028 -0.28101831674575806 2.1771318912506104 169.81744359223882 -36.323217217980805 -81.49712559048197 0.03292825399694266
0602 -0.7125424742698669 -0.28103870153427124 2.1724491119384766 -176.1968392333391 -33.07928854059343 -92.89895914148335 0.03958358200179646
0603 -0.71405029296875 -0.2812552750110626 2.1767313480377197 171.67888484758126 -37.00667275207554 -82.91523921105355 0.03199816700362135
0604 -0.7105732560157776 -0.28010740876197815 2.1664178371429443 -175.53116808885545 -32.81296701355271 -93.20553162286897 0.039022503995511215
0605 -0.7137243747711182 -0.2811511158943176 2.1757023334503174 172.00974544747126 -37.314441179207584 -82.92032309882724 0.035371529003896285
0606 -0.7098501324653625 -0.2796995937824249 2.164504051208496 -176.948540217332 -32.56906219537068 -92.50881668643382 0.039599782998266164
0607 -0.7131271362304688 -0.2807669937610626 2.173729419708252 171.49701026984863 -37.210574966427174 -82.46765352225991 0.0356910609989427
0608 -0.7114314436912537 -0.2802996039390564 2.168865203857422 -176.691765820103 -32.327002339234085 -92.59951182670055 0.03618772500340128
0609 -0.7137739658355713 -0.28106528520584106 2.175503969192505 171.72406195916284 -37.31058272901209 -82.58310842036353 0.03432369799702428
0610 -0.7115582823753357 -0.2802405059337616 2.169191360473633 -177.26398176305804 -32.15863143134972 -92.29029117800182 0.038524575997143984
0611 -0.713405966758728 -0.2808741331100464 2.1743509769439697 171.20601913391548 -37.08824850761376 -82.30582978745181 0.03496619700308656
0612 -0.7111774682998657 -0.2802920639514923 2.1680476665496826 -175.55310741910273 -32.76873007264953 -93.23283826434506 0.040454237001540605
0613 -0.7136614918708801 -0.2811225950717926 2.1752994060516357 171.88286378124675 -37.44918547195182 -82.84034166249408 0.03678765700169606
0614 -0.7091535329818726 -0.27937182784080505 2.162102222442627 -176.50205781105757 -32.77136947956887 -92.84487299635803 0.04128018199844519
