timestamp x_robot y_robot z_robot roll_robot pitch_robot yaw_robot x_rgbd y_rgbd z_rgbd roll_rgbd pitch_rgbd yaw_rgbd
1789254424037 0.0020 -0.0347 0.0601 30.0000 1.3676 1.0011 1.5000 0.0000 1.5000 -125.0000 180.0000 -90.0000
1789254430497 0.0020 0.0003 0.0610 30.0000 1.3679 2.0022 1.5000 0.0000 1.5000 -125.0000 180.0000 -90.0000
1789254436058 0.0014 0.0353 0.0618 30.0000 1.3679 4.0044 1.5000 0.0000 1.5000 -125.0000 180.0000 -90.0000
1789254441844 -0.0004 0.0703 0.0626 30.0000 1.3679 6.0067 1.5000 0.0000 1.5000 -125.0000 180.0000 -90.0000
1789254447375 -0.0035 0.1051 0.0635 30.0000 1.3679 8.0089 1.5000 0.0000 1.5000 -125.0000 180.0000 -90.0000
1789254452937 -0.0078 0.1399 0.0643 30.0000 1.3679 10.0111 1.5000 0.0000 1.5000 -125.0000 180.0000 -90.0000
1789254458439 -0.0133 0.1745 0.0652 30.0000 1.3679 12.0133 1.5000 0.0000 1.5000 -125.0000 180.0000 -90.0000
1789254464066 -0.0200 0.2088 0.0660 30.0000 1.3679 14.0156 1.5000 0.0000 1.5000 -125.0000 180.0000 -90.0000
1789254469671 -0.0279 0.2429 0.0668 30.0000 1.3679 16.0178 1.5000 0.0000 1.5000 -125.0000 180.0000 -90.0000
1789254475233 -0.0369 0.2768 0.0677 30.0000 1.3679 18.0200 1.5000 0.0000 1.5000 -125.0000 180.0000 -90.0000
1789254480636 -0.0472 0.3102 0.0685 30.0000 1.3679 20.0222 1.5000 0.0000 1.5000 -125.0000 180.0000 -90.0000
1789254486030 -0.0586 0.3433 0.0693 30.0000 1.3679 22.0245 1.5000 0.0000 1.5000 -125.0000 180.0000 -90.0000
1789254491392 -0.0712 0.3760 0.0702 30.0000 1.3679 24.0267 1.5000 0.0000 1.5000 -125.0000 180.0000 -90.0000
1789254496946 -0.0849 0.4082 0.0710 30.0000 1.3679 26.0289 1.5000 0.0000 1.5000 -125.0000 180.0000 -90.0000
1789254502706 -0.0997 0.4400 0.0718 30.0000 1.3679 28.0311 1.5000 0.0000 1.5000 -125.0000 180.0000 -90.0000
1789254508599 -0.1156 0.4712 0.0727 30.0000 1.3679 30.0334 1.5000 0.0000 1.5000 -125.0000 180.0000 -90.0000
1789254514316 -0.1326 0.5018 0.0735 30.0000 1.3679 32.0356 1.5000 0.0000 1.5000 -125.0000 180.0000 -90.0000
1789254520167 -0.1507 0.5318 0.0743 30.0000 1.3679 34.0378 1.5000 0.0000 1.5000 -125.0000 180.0000 -90.0000
1789254525910 -0.1698 0.5611 0.0752 30.0000 1.3679 36.0400 1.5000 0.0000 1.5000 -125.0000 180.0000 -90.0000
1789254531428 -0.1899 0.5898 0.0760 30.0000 1.3679 38.0423 1.5000 0.0000 1.5000 -125.0000 180.0000 -90.0000
1789254536954 -0.2110 0.6177 0.0768 30.0000 1.3679 40.0445 1.5000 0.0000 1.5000 -125.0000 180.0000 -90.0000
1789254542628 -0.2331 0.6449 0.0777 30.0000 1.3679 42.0467 1.5000 0.0000 1.5000 -125.0000 180.0000 -90.0000
1789254548294 -0.2561 0.6713 0.0785 30.0000 1.3679 44.0489 1.5000 0.0000 1.5000 -125.0000 180.0000 -90.0000
1789254553915 -0.2800 0.6969 0.0793 30.0000 1.3679 46.0512 1.5000 0.0000 1.5000 -125.0000 180.0000 -90.0000
1789254559536 -0.3048 0.7216 0.0802 30.0000 1.3679 48.0534 1.5000 0.0000 1.5000 -125.0000 180.0000 -90.0000
1789254565444 -0.3304 0.7455 0.0810 30.0000 1.3679 50.0556 1.5000 0.0000 1.5000 -125.0000 180.0000 -90.0000
1789254571322 -0.3569 0.7684 0.0818 30.0000 1.3679 52.0578 1.5000 0.0000 1.5000 -125.0000 180.0000 -90.0000
1789254577335 -0.3841 0.7904 0.0827 30.0000 1.3679 54.0601 1.5000 0.0000 1.5000 -125.0000 180.0000 -90.0000
1789254583237 -0.4121 0.8114 0.0835 30.0000 1.3679 56.0623 1.5000 0.0000 1.5000 -125.0000 180.0000 -90.0000
1789254588964 -0.4408 0.8315 0.0843 30.0000 1.3679 58.0645 1.5000 0.0000 1.5000 -125.0000 180.0000 -90.0000
1789254594568 -0.4702 0.8505 0.0852 30.0000 1.3679 60.0667 1.5000 0.0000 1.5000 -125.0000 180.0000 -90.0000
1789254600296 -0.5002 0.8685 0.0860 30.0000 1.3679 62.0690 1.5000 0.0000 1.5000 -125.0000 180.0000 -90.0000
1789254606451 -0.5309 0.8854 0.0868 30.0000 1.3679 64.0712 1.5000 0.0000 1.5000 -125.0000 180.0000 -90.0000
1789254612171 -0.5621 0.9013 0.0877 30.0000 1.3679 66.0734 1.5000 0.0000 1.5000 -125.0000 180.0000 -90.0000
1789254617745 -0.5939 0.9160 0.0885 30.0000 1.3679 68.0756 1.5000 0.0000 1.5000 -125.0000 180.0000 -90.0000
1789254623491 -0.6261 0.9297 0.0893 30.0000 1.3679 70.0779 1.5000 0.0000 1.5000 -125.0000 180.0000 -90.0000
1789254629158 -0.6588 0.9422 0.0902 30.0000 1.3679 72.0801 1.5000 0.0000 1.5000 -125.0000 180.0000 -90.0000
1789254634846 -0.6919 0.9535 0.0910 30.0000 1.3679 74.0823 1.5000 0.0000 1.5000 -125.0000 180.0000 -90.0000
1789254640389 -0.7254 0.9637 0.0918 30.0000 1.3679 76.0845 1.5000 0.0000 1.5000 -125.0000 180.0000 -90.0000
1789254645847 -0.7593 0.9727 0.0927 30.0000 1.3679 78.0868 1.5000 0.0000 1.5000 -125.0000 180.0000 -90.0000
1789254651282 -0.7934 0.9805 0.0935 30.0000 1.3679 80.0890 1.5000 0.0000 1.5000 -125.0000 180.0000 -90.0000
1789254656702 -0.8278 0.9871 0.0943 30.0000 1.3679 82.0912 1.5000 0.0000 1.5000 -125.0000 180.0000 -90.0000
1789254662165 -0.8624 0.9925 0.0952 30.0000 1.3679 84.0934 1.5000 0.0000 1.5000 -125.0000 180.0000 -90.0000
1789254667610 -0.8972 0.9967 0.0960 30.0000 1.3679 86.0957 1.5000 0.0000 1.5000 -125.0000 180.0000 -90.0000
1789254673059 -0.9320 0.9997 0.0969 30.0000 1.3679 88.0979 1.5000 0.0000 1.5000 -125.0000 180.0000 -90.0000
1789254678601 -0.9670 1.0015 0.0977 30.0000 1.3679 90.1001 1.5000 0.0000 1.5000 -125.0000 180.0000 -90.0000
1789254684298 -1.0020 1.0020 0.0985 30.0000 1.3679 92.1023 1.5000 0.0000 1.5000 -125.0000 180.0000 -90.0000
1789254689761 -1.0370 1.0014 0.0994 30.0000 1.3679 94.1046 1.5000 0.0000 1.5000 -125.0000 180.0000 -90.0000
1789254695368 -1.0720 0.9994 0.1002 30.0000 1.3679 96.1068 1.5000 0.0000 1.5000 -125.0000 180.0000 -90.0000
1789254700910 -1.1069 0.9963 0.1010 30.0000 1.3679 98.1090 1.5000 0.0000 1.5000 -125.0000 180.0000 -90.0000
1789254706363 -1.1416 0.9920 0.1019 30.0000 1.3679 100.1112 1.5000 0.0000 1.5000 -125.0000 180.0000 -90.0000
1789254711722 -1.1762 0.9864 0.1027 30.0000 1.3679 102.1135 1.5000 0.0000 1.5000 -125.0000 180.0000 -90.0000
1789254717107 -1.2105 0.9797 0.1035 30.0000 1.3679 104.1157 1.5000 0.0000 1.5000 -125.0000 180.0000 -90.0000
1789254722763 -1.2446 0.9717 0.1044 30.0000 1.3679 106.1179 1.5000 0.0000 1.5000 -125.0000 180.0000 -90.0000
1789254728469 -1.2784 0.9626 0.1052 30.0000 1.3679 108.1201 1.5000 0.0000 1.5000 -125.0000 180.0000 -90.0000
1789254733968 -1.3119 0.9523 0.1060 30.0000 1.3679 110.1224 1.5000 0.0000 1.5000 -125.0000 180.0000 -90.0000
1789254739390 -1.3450 0.9408 0.1069 30.0000 1.3679 112.1246 1.5000 0.0000 1.5000 -125.0000 180.0000 -90.0000
1789254745065 -1.3776 0.9282 0.1077 30.0000 1.3679 114.1268 1.5000 0.0000 1.5000 -125.0000 180.0000 -90.0000
1789254750788 -1.4098 0.9144 0.1085 30.0000 1.3679 116.1290 1.5000 0.0000 1.5000 -125.0000 180.0000 -90.0000
1789254756502 -1.4415 0.8995 0.1094 30.0000 1.3679 118.1313 1.5000 0.0000 1.5000 -125.0000 180.0000 -90.0000
1789254761929 -1.4727 0.8835 0.1102 30.0000 1.3679 120.1335 1.5000 0.0000 1.5000 -125.0000 180.0000 -90.0000
1789254767751 -1.5033 0.8665 0.1110 30.0000 1.3679 122.1357 1.5000 0.0000 1.5000 -125.0000 180.0000 -90.0000
1789254773351 -1.5332 0.8484 0.1119 30.0000 1.3679 124.1379 1.5000 0.0000 1.5000 -125.0000 180.0000 -90.0000
1789254778814 -1.5626 0.8292 0.1127 30.0000 1.3679 126.1402 1.5000 0.0000 1.5000 -125.0000 180.0000 -90.0000
1789254784533 -1.5912 0.8091 0.1135 30.0000 1.3679 128.1424 1.5000 0.0000 1.5000 -125.0000 180.0000 -90.0000
1789254790221 -1.6191 0.7879 0.1144 30.0000 1.3679 130.1446 1.5000 0.0000 1.5000 -125.0000 180.0000 -90.0000
1789254795666 -1.6462 0.7658 0.1152 30.0000 1.3679 132.1468 1.5000 0.0000 1.5000 -125.0000 180.0000 -90.0000
1789254801058 -1.6726 0.7428 0.1160 30.0000 1.3679 134.1491 1.5000 0.0000 1.5000 -125.0000 180.0000 -90.0000
1789254806422 -1.6981 0.7188 0.1169 30.0000 1.3679 136.1513 1.5000 0.0000 1.5000 -125.0000 180.0000 -90.0000
1789254811788 -1.7228 0.6940 0.1177 30.0000 1.3679 138.1535 1.5000 0.0000 1.5000 -125.0000 180.0000 -90.0000
1789254817181 -1.7466 0.6683 0.1185 30.0000 1.3679 140.1557 1.5000 0.0000 1.5000 -125.0000 180.0000 -90.0000
1789254822581 -1.7695 0.6418 0.1194 30.0000 1.3679 142.1580 1.5000 0.0000 1.5000 -125.0000 180.0000 -90.0000
1789254828093 -1.7915 0.6145 0.1202 30.0000 1.3679 144.1602 1.5000 0.0000 1.5000 -125.0000 180.0000 -90.0000
1789254833786 -1.8125 0.5865 0.1210 30.0000 1.3679 146.1624 1.5000 0.0000 1.5000 -125.0000 180.0000 -90.0000
1789254839386 -1.8325 0.5577 0.1219 30.0000 1.3679 148.1646 1.5000 0.0000 1.5000 -125.0000 180.0000 -90.0000
1789254845065 -1.8514 0.5283 0.1227 30.0000 1.3679 150.1669 1.5000 0.0000 1.5000 -125.0000 180.0000 -90.0000
1789254850808 -1.8694 0.4983 0.1235 30.0000 1.3679 152.1691 1.5000 0.0000 1.5000 -125.0000 180.0000 -90.0000
1789254856548 -1.8863 0.4676 0.1244 30.0000 1.3679 154.1713 1.5000 0.0000 1.5000 -125.0000 180.0000 -90.0000
1789254862290 -1.9021 0.4363 0.1252 30.0000 1.3679 156.1735 1.5000 0.0000 1.5000 -125.0000 180.0000 -90.0000
1789254868001 -1.9167 0.4045 0.1261 30.0000 1.3679 158.1757 1.5000 0.0000 1.5000 -125.0000 180.0000 -90.0000
1789254873705 -1.9303 0.3723 0.1269 30.0000 1.3679 160.1780 1.5000 0.0000 1.5000 -125.0000 180.0000 -90.0000
1789254879471 -1.9428 0.3395 0.1277 30.0000 1.3679 162.1802 1.5000 0.0000 1.5000 -125.0000 180.0000 -90.0000
1789254885315 -1.9540 0.3064 0.1286 30.0000 1.3679 164.1824 1.5000 0.0000 1.5000 -125.0000 180.0000 -90.0000
1789254891059 -1.9642 0.2729 0.1294 30.0000 1.3679 166.1846 1.5000 0.0000 1.5000 -125.0000 180.0000 -90.0000
1789254896777 -1.9731 0.2390 0.1302 30.0000 1.3679 168.1869 1.5000 0.0000 1.5000 -125.0000 180.0000 -90.0000
1789254902510 -1.9809 0.2049 0.1311 30.0000 1.3679 170.1891 1.5000 0.0000 1.5000 -125.0000 180.0000 -90.0000
1789254908239 -1.9874 0.1705 0.1319 30.0000 1.3679 172.1913 1.5000 0.0000 1.5000 -125.0000 180.0000 -90.0000
1789254914158 -1.9928 0.1359 0.1327 30.0000 1.3679 174.1936 1.5000 0.0000 1.5000 -125.0000 180.0000 -90.0000
1789254920066 -1.9969 0.1011 0.1336 30.0000 1.3679 176.1958 1.5000 0.0000 1.5000 -125.0000 180.0000 -90.0000
1789254925638 -1.9998 0.0662 0.1344 30.0000 1.3679 178.1980 1.5000 0.0000 1.5000 -125.0000 180.0000 -90.0000
1789254931003 -2.0016 0.0312 0.1352 30.0000 1.3679 -179.7998 1.5000 0.0000 1.5000 -125.0000 180.0000 -90.0000
1789254936389 -2.0020 -0.0038 0.1361 30.0000 1.3679 -177.7976 1.5000 0.0000 1.5000 -125.0000 180.0000 -90.0000
1789254941737 -2.0013 -0.0388 0.1369 30.0000 1.3679 -175.7953 1.5000 0.0000 1.5000 -125.0000 180.0000 -90.0000
1789254947096 -1.9993 -0.0737 0.1377 30.0000 1.3679 -173.7931 1.5000 0.0000 1.5000 -125.0000 180.0000 -90.0000
1789254952418 -1.9961 -0.1086 0.1386 30.0000 1.3679 -171.7909 1.5000 0.0000 1.5000 -125.0000 180.0000 -90.0000
1789254957760 -1.9917 -0.1433 0.1394 30.0000 1.3679 -169.7887 1.5000 0.0000 1.5000 -125.0000 180.0000 -90.0000
1789254963150 -1.9861 -0.1779 0.1402 30.0000 1.3679 -167.7864 1.5000 0.0000 1.5000 -125.0000 180.0000 -90.0000
1789254968529 -1.9793 -0.2123 0.1411 30.0000 1.3679 -165.7842 1.5000 0.0000 1.5000 -125.0000 180.0000 -90.0000
1789254973858 -1.9713 -0.2463 0.1419 30.0000 1.3679 -163.7820 1.5000 0.0000 1.5000 -125.0000 180.0000 -90.0000
1789254979204 -1.9621 -0.2801 0.1427 30.0000 1.3679 -161.7798 1.5000 0.0000 1.5000 -125.0000 180.0000 -90.0000
1789254984524 -1.9517 -0.3136 0.1436 30.0000 1.3679 -159.7775 1.5000 0.0000 1.5000 -125.0000 180.0000 -90.0000
1789254989877 -1.9402 -0.3466 0.1444 30.0000 1.3679 -157.7753 1.5000 0.0000 1.5000 -125.0000 180.0000 -90.0000
1789254995232 -1.9275 -0.3793 0.1452 30.0000 1.3679 -155.7731 1.5000 0.0000 1.5000 -125.0000 180.0000 -90.0000
1789255000594 -1.9137 -0.4114 0.1461 30.0000 1.3679 -153.7708 1.5000 0.0000 1.5000 -125.0000 180.0000 -90.0000
1789255005946 -1.8987 -0.4431 0.1469 30.0000 1.3679 -151.7686 1.5000 0.0000 1.5000 -125.0000 180.0000 -90.0000
1789255011289 -1.8827 -0.4742 0.1477 30.0000 1.3679 -149.7664 1.5000 0.0000 1.5000 -125.0000 180.0000 -90.0000
1789255016616 -1.8656 -0.5048 0.1486 30.0000 1.3679 -147.7642 1.5000 0.0000 1.5000 -125.0000 180.0000 -90.0000
1789255021955 -1.8474 -0.5347 0.1494 30.0000 1.3679 -145.7620 1.5000 0.0000 1.5000 -125.0000 180.0000 -90.0000
1789255027371 -1.8282 -0.5640 0.1502 30.0000 1.3679 -143.7597 1.5000 0.0000 1.5000 -125.0000 180.0000 -90.0000
1789255032735 -1.8080 -0.5926 0.1511 30.0000 1.3679 -141.7575 1.5000 0.0000 1.5000 -125.0000 180.0000 -90.0000
1789255038081 -1.7868 -0.6205 0.1519 30.0000 1.3679 -139.7553 1.5000 0.0000 1.5000 -125.0000 180.0000 -90.0000
1789255043453 -1.7647 -0.6476 0.1527 30.0000 1.3679 -137.7531 1.5000 0.0000 1.5000 -125.0000 180.0000 -90.0000
1789255048791 -1.7416 -0.6739 0.1536 30.0000 1.3679 -135.7508 1.5000 0.0000 1.5000 -125.0000 180.0000 -90.0000
1789255054148 -1.7176 -0.6994 0.1544 30.0000 1.3679 -133.7486 1.5000 0.0000 1.5000 -125.0000 180.0000 -90.0000
1789255059495 -1.6927 -0.7240 0.1553 30.0000 1.3679 -131.7464 1.5000 0.0000 1.5000 -125.0000 180.0000 -90.0000
1789255065082 -1.6670 -0.7478 0.1561 30.0000 1.3679 -129.7442 1.5000 0.0000 1.5000 -125.0000 180.0000 -90.0000
1789255070690 -1.6405 -0.7707 0.1569 30.0000 1.3679 -127.7419 1.5000 0.0000 1.5000 -125.0000 180.0000 -90.0000
1789255076302 -1.6131 -0.7926 0.1578 30.0000 1.3679 -125.7397 1.5000 0.0000 1.5000 -125.0000 180.0000 -90.0000
1789255081808 -1.5851 -0.8135 0.1586 30.0000 1.3679 -123.7375 1.5000 0.0000 1.5000 -125.0000 180.0000 -90.0000
1789255087432 -1.5563 -0.8334 0.1594 30.0000 1.3679 -121.7353 1.5000 0.0000 1.5000 -125.0000 180.0000 -90.0000
1789255093000 -1.5268 -0.8524 0.1603 30.0000 1.3679 -119.7330 1.5000 0.0000 1.5000 -125.0000 180.0000 -90.0000
1789255098658 -1.4967 -0.8703 0.1611 30.0000 1.3679 -117.7308 1.5000 0.0000 1.5000 -125.0000 180.0000 -90.0000
1789255104305 -1.4660 -0.8871 0.1619 30.0000 1.3679 -115.7286 1.5000 0.0000 1.5000 -125.0000 180.0000 -90.0000
1789255109891 -1.4347 -0.9028 0.1628 30.0000 1.3679 -113.7264 1.5000 0.0000 1.5000 -125.0000 180.0000 -90.0000
1789255115465 -1.4029 -0.9175 0.1636 30.0000 1.3679 -111.7241 1.5000 0.0000 1.5000 -125.0000 180.0000 -90.0000
1789255121070 -1.3706 -0.9310 0.1644 30.0000 1.3679 -109.7219 1.5000 0.0000 1.5000 -125.0000 180.0000 -90.0000
1789255126647 -1.3379 -0.9434 0.1653 30.0000 1.3679 -107.7197 1.5000 0.0000 1.5000 -125.0000 180.0000 -90.0000
1789255132173 -1.3047 -0.9546 0.1661 30.0000 1.3679 -105.7175 1.5000 0.0000 1.5000 -125.0000 180.0000 -90.0000
1789255137771 -1.2712 -0.9646 0.1669 30.0000 1.3679 -103.7152 1.5000 0.0000 1.5000 -125.0000 180.0000 -90.0000
1789255143382 -1.2373 -0.9735 0.1678 30.0000 1.3679 -101.7130 1.5000 0.0000 1.5000 -125.0000 180.0000 -90.0000
1789255149028 -1.2032 -0.9812 0.1686 30.0000 1.3679 -99.7108 1.5000 0.0000 1.5000 -125.0000 180.0000 -90.0000
1789255154651 -1.1687 -0.9877 0.1694 30.0000 1.3679 -97.7086 1.5000 0.0000 1.5000 -125.0000 180.0000 -90.0000
1789255160211 -1.1341 -0.9930 0.1703 30.0000 1.3679 -95.7063 1.5000 0.0000 1.5000 -125.0000 180.0000 -90.0000
1789255165838 -1.0994 -0.9971 0.1711 30.0000 1.3679 -93.7041 1.5000 0.0000 1.5000 -125.0000 180.0000 -90.0000
1789255171431 -1.0645 -1.0000 0.1719 30.0000 1.3679 -91.7019 1.5000 0.0000 1.5000 -125.0000 180.0000 -90.0000
1789255177003 -1.0295 -1.0016 0.1728 30.0000 1.3679 -89.6997 1.5000 0.0000 1.5000 -125.0000 180.0000 -90.0000
1789255182646 -0.9945 -1.0020 0.1736 30.0000 1.3679 -87.6974 1.5000 0.0000 1.5000 -125.0000 180.0000 -90.0000
1789255188255 -0.9595 -1.0012 0.1744 30.0000 1.3679 -85.6952 1.5000 0.0000 1.5000 -125.0000 180.0000 -90.0000
1789255193622 -0.9245 -0.9992 0.1753 30.0000 1.3679 -83.6930 1.5000 0.0000 1.5000 -125.0000 180.0000 -90.0000
1789255198970 -0.8896 -0.9959 0.1761 30.0000 1.3679 -81.6908 1.5000 0.0000 1.5000 -125.0000 180.0000 -90.0000
1789255204327 -0.8549 -0.9915 0.1769 30.0000 1.3679 -79.6885 1.5000 0.0000 1.5000 -125.0000 180.0000 -90.0000
1789255209658 -0.8204 -0.9858 0.1778 30.0000 1.3679 -77.6863 1.5000 0.0000 1.5000 -125.0000 180.0000 -90.0000
1789255214988 -0.7860 -0.9789 0.1786 30.0000 1.3679 -75.6841 1.5000 0.0000 1.5000 -125.0000 180.0000 -90.0000
1789255220347 -0.7520 -0.9709 0.1794 30.0000 1.3679 -73.6819 1.5000 0.0000 1.5000 -125.0000 180.0000 -90.0000
1789255225698 -0.7182 -0.9616 0.1803 30.0000 1.3679 -71.6797 1.5000 0.0000 1.5000 -125.0000 180.0000 -90.0000
1789255231044 -0.6848 -0.9512 0.1811 30.0000 1.3679 -69.6774 1.5000 0.0000 1.5000 -125.0000 180.0000 -90.0000
1789255236408 -0.6517 -0.9396 0.1819 30.0000 1.3679 -67.6752 1.5000 0.0000 1.5000 -125.0000 180.0000 -90.0000
1789255241760 -0.6191 -0.9268 0.1828 30.0000 1.3679 -65.6730 1.5000 0.0000 1.5000 -125.0000 180.0000 -90.0000
1789255247162 -0.5870 -0.9130 0.1836 30.0000 1.3679 -63.6707 1.5000 0.0000 1.5000 -125.0000 180.0000 -90.0000
1789255252518 -0.5553 -0.8980 0.1844 30.0000 1.3679 -61.6685 1.5000 0.0000 1.5000 -125.0000 180.0000 -90.0000
1789255257847 -0.5242 -0.8819 0.1853 30.0000 1.3679 -59.6663 1.5000 0.0000 1.5000 -125.0000 180.0000 -90.0000
1789255263191 -0.4937 -0.8647 0.1861 30.0000 1.3679 -57.6641 1.5000 0.0000 1.5000 -125.0000 180.0000 -90.0000
1789255268528 -0.4638 -0.8465 0.1870 30.0000 1.3679 -55.6619 1.5000 0.0000 1.5000 -125.0000 180.0000 -90.0000
1789255273873 -0.4345 -0.8273 0.1878 30.0000 1.3679 -53.6596 1.5000 0.0000 1.5000 -125.0000 180.0000 -90.0000
1789255279233 -0.4060 -0.8070 0.1886 30.0000 1.3679 -51.6574 1.5000 0.0000 1.5000 -125.0000 180.0000 -90.0000
1789255284550 -0.3782 -0.7857 0.1895 30.0000 1.3679 -49.6552 1.5000 0.0000 1.5000 -125.0000 180.0000 -90.0000
1789255289915 -0.3511 -0.7635 0.1903 30.0000 1.3679 -47.6529 1.5000 0.0000 1.5000 -125.0000 180.0000 -90.0000
1789255295279 -0.3248 -0.7404 0.1911 30.0000 1.3679 -45.6507 1.5000 0.0000 1.5000 -125.0000 180.0000 -90.0000
1789255300641 -0.2993 -0.7164 0.1920 30.0000 1.3679 -43.6485 1.5000 0.0000 1.5000 -125.0000 180.0000 -90.0000
1789255306005 -0.2747 -0.6914 0.1928 30.0000 1.3679 -41.6463 1.5000 0.0000 1.5000 -125.0000 180.0000 -90.0000
1789255311362 -0.2510 -0.6657 0.1936 30.0000 1.3679 -39.6440 1.5000 0.0000 1.5000 -125.0000 180.0000 -90.0000
1789255316699 -0.2282 -0.6391 0.1945 30.0000 1.3679 -37.6418 1.5000 0.0000 1.5000 -125.0000 180.0000 -90.0000
1789255322056 -0.2064 -0.6118 0.1953 30.0000 1.3679 -35.6396 1.5000 0.0000 1.5000 -125.0000 180.0000 -90.0000
1789255327414 -0.1855 -0.5836 0.1961 30.0000 1.3679 -33.6374 1.5000 0.0000 1.5000 -125.0000 180.0000 -90.0000
1789255332759 -0.1656 -0.5548 0.1970 30.0000 1.3679 -31.6352 1.5000 0.0000 1.5000 -125.0000 180.0000 -90.0000
1789255338144 -0.1467 -0.5253 0.1978 30.0000 1.3679 -29.6329 1.5000 0.0000 1.5000 -125.0000 180.0000 -90.0000
1789255343484 -0.1289 -0.4952 0.1986 30.0000 1.3679 -27.6307 1.5000 0.0000 1.5000 -125.0000 180.0000 -90.0000
1789255348836 -0.1121 -0.4645 0.1995 30.0000 1.3679 -25.6285 1.5000 0.0000 1.5000 -125.0000 180.0000 -90.0000
1789255354224 -0.0964 -0.4332 0.2003 30.0000 1.3679 -23.6262 1.5000 0.0000 1.5000 -125.0000 180.0000 -90.0000
1789255359580 -0.0818 -0.4013 0.2011 30.0000 1.3679 -21.6240 1.5000 0.0000 1.5000 -125.0000 180.0000 -90.0000
1789255364945 -0.0684 -0.3690 0.2020 30.0000 1.3679 -19.6218 1.5000 0.0000 1.5000 -125.0000 180.0000 -90.0000
1789255370309 -0.0561 -0.3362 0.2028 30.0000 1.3679 -17.6196 1.5000 0.0000 1.5000 -125.0000 180.0000 -90.0000
1789255375671 -0.0449 -0.3031 0.2036 30.0000 1.3679 -15.6174 1.5000 0.0000 1.5000 -125.0000 180.0000 -90.0000
1789255381042 -0.0349 -0.2695 0.2045 30.0000 1.3679 -13.6151 1.5000 0.0000 1.5000 -125.0000 180.0000 -90.0000
1789255386389 -0.0261 -0.2356 0.2053 30.0000 1.3679 -11.6129 1.5000 0.0000 1.5000 -125.0000 180.0000 -90.0000
1789255391737 -0.0184 -0.2014 0.2061 30.0000 1.3679 -9.6107 1.5000 0.0000 1.5000 -125.0000 180.0000 -90.0000
1789255397094 -0.0120 -0.1670 0.2070 30.0000 1.3679 -7.6085 1.5000 0.0000 1.5000 -125.0000 180.0000 -90.0000
1789255402467 -0.0067 -0.1324 0.2078 30.0000 1.3679 -5.6062 1.5000 0.0000 1.5000 -125.0000 180.0000 -90.0000
1789255407784 -0.0027 -0.0976 0.2086 30.0000 1.3679 -3.6040 1.5000 0.0000 1.5000 -125.0000 180.0000 -90.0000
1789255413108 0.0001 -0.0627 0.2095 30.0000 1.3679 -1.6018 1.5000 0.0000 1.5000 -125.0000 180.0000 -90.0000
1789255418494 0.0017 -0.0277 0.2103 30.0000 1.3679 0.4005 1.5000 0.0000 1.5000 -125.0000 180.0000 -90.0000
1789255423919 0.0020 0.0073 0.2111 30.0000 1.3679 2.4027 1.5000 0.0000 1.5000 -125.0000 180.0000 -90.0000
1789255429256 0.0011 0.0423 0.2120 30.0000 1.3679 4.4049 1.5000 0.0000 1.5000 -125.0000 180.0000 -90.0000
1789255434608 -0.0009 0.0772 0.2128 30.0000 1.3679 6.4071 1.5000 0.0000 1.5000 -125.0000 180.0000 -90.0000
1789255439934 -0.0043 0.1121 0.2136 30.0000 1.3679 8.4093 1.5000 0.0000 1.5000 -125.0000 180.0000 -90.0000
1789255445323 -0.0088 0.1468 0.2145 30.0000 1.3679 10.4116 1.5000 0.0000 1.5000 -125.0000 180.0000 -90.0000
1789255450653 -0.0145 0.1814 0.2153 30.0000 1.3679 12.4138 1.5000 0.0000 1.5000 -125.0000 180.0000 -90.0000
1789255456008 -0.0214 0.2157 0.2162 30.0000 1.3679 14.4160 1.5000 0.0000 1.5000 -125.0000 180.0000 -90.0000
1789255461332 -0.0296 0.2497 0.2170 30.0000 1.3679 16.4183 1.5000 0.0000 1.5000 -125.0000 180.0000 -90.0000
1789255466671 -0.0389 0.2835 0.2178 30.0000 1.3679 18.4205 1.5000 0.0000 1.5000 -125.0000 180.0000 -90.0000
1789255471998 -0.0494 0.3169 0.2187 30.0000 1.3679 20.4227 1.5000 0.0000 1.5000 -125.0000 180.0000 -90.0000
1789255477321 -0.0610 0.3499 0.2195 30.0000 1.3679 22.4249 1.5000 0.0000 1.5000 -125.0000 180.0000 -90.0000
1789255482708 -0.0738 0.3825 0.2203 30.0000 1.3679 24.4271 1.5000 0.0000 1.5000 -125.0000 180.0000 -90.0000
1789255488104 -0.0878 0.4146 0.2212 30.0000 1.3679 26.4294 1.5000 0.0000 1.5000 -125.0000 180.0000 -90.0000
1789255493435 -0.1028 0.4462 0.2220 30.0000 1.3679 28.4316 1.5000 0.0000 1.5000 -125.0000 180.0000 -90.0000
1789255498765 -0.1190 0.4773 0.2228 30.0000 1.3679 30.4338 1.5000 0.0000 1.5000 -125.0000 180.0000 -90.0000
1789255504115 -0.1362 0.5078 0.2237 30.0000 1.3679 32.4360 1.5000 0.0000 1.5000 -125.0000 180.0000 -90.0000
1789255509461 -0.1544 0.5377 0.2245 30.0000 1.3679 34.4383 1.5000 0.0000 1.5000 -125.0000 180.0000 -90.0000
1789255514814 -0.1737 0.5669 0.2253 30.0000 1.3679 36.4405 1.5000 0.0000 1.5000 -125.0000 180.0000 -90.0000
1789255520158 -0.1940 0.5954 0.2262 30.0000 1.3679 38.4427 1.5000 0.0000 1.5000 -125.0000 180.0000 -90.0000
1789255525500 -0.2153 0.6232 0.2270 30.0000 1.3679 40.4449 1.5000 0.0000 1.5000 -125.0000 180.0000 -90.0000
1789255530850 -0.2376 0.6502 0.2278 30.0000 1.3679 42.4472 1.5000 0.0000 1.5000 -125.0000 180.0000 -90.0000
1789255536238 -0.2608 0.6765 0.2287 30.0000 1.3679 44.4494 1.5000 0.0000 1.5000 -125.0000 180.0000 -90.0000
1789255541583 -0.2849 0.7019 0.2295 30.0000 1.3679 46.4516 1.5000 0.0000 1.5000 -125.0000 180.0000 -90.0000
1789255546954 -0.3098 0.7265 0.2303 30.0000 1.3679 48.4538 1.5000 0.0000 1.5000 -125.0000 180.0000 -90.0000
1789255552327 -0.3356 0.7501 0.2312 30.0000 1.3679 50.4561 1.5000 0.0000 1.5000 -125.0000 180.0000 -90.0000
1789255557641 -0.3622 0.7729 0.2320 30.0000 1.3679 52.4583 1.5000 0.0000 1.5000 -125.0000 180.0000 -90.0000
1789255562982 -0.3896 0.7947 0.2328 30.0000 1.3679 54.4605 1.5000 0.0000 1.5000 -125.0000 180.0000 -90.0000
1789255568324 -0.4178 0.8155 0.2337 30.0000 1.3679 56.4627 1.5000 0.0000 1.5000 -125.0000 180.0000 -90.0000
1789255573656 -0.4466 0.8354 0.2345 30.0000 1.3679 58.4650 1.5000 0.0000 1.5000 -125.0000 180.0000 -90.0000
1789255579003 -0.4761 0.8542 0.2353 30.0000 1.3679 60.4672 1.5000 0.0000 1.5000 -125.0000 180.0000 -90.0000
1789255584349 -0.5063 0.8720 0.2362 30.0000 1.3679 62.4694 1.5000 0.0000 1.5000 -125.0000 180.0000 -90.0000
1789255589698 -0.5371 0.8887 0.2370 30.0000 1.3679 64.4716 1.5000 0.0000 1.5000 -125.0000 180.0000 -90.0000
1789255595066 -0.5684 0.9043 0.2378 30.0000 1.3679 66.4739 1.5000 0.0000 1.5000 -125.0000 180.0000 -90.0000
1789255600434 -0.6003 0.9189 0.2387 30.0000 1.3679 68.4761 1.5000 0.0000 1.5000 -125.0000 180.0000 -90.0000
1789255605840 -0.6326 0.9323 0.2395 30.0000 1.3679 70.4783 1.5000 0.0000 1.5000 -125.0000 180.0000 -90.0000
1789255611190 -0.6654 0.9445 0.2403 30.0000 1.3679 72.4805 1.5000 0.0000 1.5000 -125.0000 180.0000 -90.0000
1789255616546 -0.6986 0.9556 0.2412 30.0000 1.3679 74.4828 1.5000 0.0000 1.5000 -125.0000 180.0000 -90.0000
1789255621881 -0.7322 0.9656 0.2420 30.0000 1.3679 76.4850 1.5000 0.0000 1.5000 -125.0000 180.0000 -90.0000
1789255627245 -0.7661 0.9744 0.2428 30.0000 1.3679 78.4872 1.5000 0.0000 1.5000 -125.0000 180.0000 -90.0000
1789255632591 -0.8003 0.9819 0.2437 30.0000 1.3679 80.4894 1.5000 0.0000 1.5000 -125.0000 180.0000 -90.0000
1789255637935 -0.8347 0.9883 0.2445 30.0000 1.3679 82.4917 1.5000 0.0000 1.5000 -125.0000 180.0000 -90.0000
1789255643269 -0.8693 0.9935 0.2454 30.0000 1.3679 84.4939 1.5000 0.0000 1.5000 -125.0000 180.0000 -90.0000
1789255648605 -0.9041 0.9974 0.2462 30.0000 1.3679 86.4961 1.5000 0.0000 1.5000 -125.0000 180.0000 -90.0000
1789255653939 -0.9390 1.0002 0.2470 30.0000 1.3679 88.4983 1.5000 0.0000 1.5000 -125.0000 180.0000 -90.0000
1789255659303 -0.9740 1.0017 0.2479 30.0000 1.3679 90.5006 1.5000 0.0000 1.5000 -125.0000 180.0000 -90.0000
1789255664663 -1.0090 1.0020 0.2487 30.0000 1.3679 92.5028 1.5000 0.0000 1.5000 -125.0000 180.0000 -90.0000
1789255670008 -1.0440 1.0011 0.2495 30.0000 1.3679 94.5050 1.5000 0.0000 1.5000 -125.0000 180.0000 -90.0000
1789255675333 -1.0790 0.9989 0.2504 30.0000 1.3679 96.5072 1.5000 0.0000 1.5000 -125.0000 180.0000 -90.0000
1789255680701 -1.1138 0.9956 0.2512 30.0000 1.3679 98.5094 1.5000 0.0000 1.5000 -125.0000 180.0000 -90.0000
1789255686054 -1.1485 0.9910 0.2520 30.0000 1.3679 100.5117 1.5000 0.0000 1.5000 -125.0000 180.0000 -90.0000
1789255691372 -1.1831 0.9852 0.2529 30.0000 1.3679 102.5139 1.5000 0.0000 1.5000 -125.0000 180.0000 -90.0000
1789255696711 -1.2174 0.9782 0.2537 30.0000 1.3679 104.5161 1.5000 0.0000 1.5000 -125.0000 180.0000 -90.0000
1789255702029 -1.2514 0.9700 0.2545 30.0000 1.3679 106.5184 1.5000 0.0000 1.5000 -125.0000 180.0000 -90.0000
1789255707373 -1.2852 0.9606 0.2554 30.0000 1.3679 108.5206 1.5000 0.0000 1.5000 -125.0000 180.0000 -90.0000
1789255712722 -1.3186 0.9501 0.2562 30.0000 1.3679 110.5228 1.5000 0.0000 1.5000 -125.0000 180.0000 -90.0000
1789255718128 -1.3516 0.9383 0.2570 30.0000 1.3679 112.5251 1.5000 0.0000 1.5000 -125.0000 180.0000 -90.0000
1789255723508 -1.3841 0.9255 0.2579 30.0000 1.3679 114.5272 1.5000 0.0000 1.5000 -125.0000 180.0000 -90.0000
1789255728827 -1.4162 0.9115 0.2587 30.0000 1.3679 116.5294 1.5000 0.0000 1.5000 -125.0000 180.0000 -90.0000
1789255734179 -1.4478 0.8964 0.2595 30.0000 1.3679 118.5317 1.5000 0.0000 1.5000 -125.0000 180.0000 -90.0000
1789255739519 -1.4789 0.8802 0.2604 30.0000 1.3679 120.5339 1.5000 0.0000 1.5000 -125.0000 180.0000 -90.0000
1789255744889 -1.5093 0.8629 0.2612 30.0000 1.3679 122.5361 1.5000 0.0000 1.5000 -125.0000 180.0000 -90.0000
1789255750256 -1.5392 0.8446 0.2620 30.0000 1.3679 124.5384 1.5000 0.0000 1.5000 -125.0000 180.0000 -90.0000
1789255755613 -1.5683 0.8253 0.2629 30.0000 1.3679 126.5406 1.5000 0.0000 1.5000 -125.0000 180.0000 -90.0000
1789255760968 -1.5968 0.8049 0.2637 30.0000 1.3679 128.5428 1.5000 0.0000 1.5000 -125.0000 180.0000 -90.0000
1789255766299 -1.6246 0.7836 0.2645 30.0000 1.3679 130.5451 1.5000 0.0000 1.5000 -125.0000 180.0000 -90.0000
1789255771638 -1.6516 0.7613 0.2654 30.0000 1.3679 132.5473 1.5000 0.0000 1.5000 -125.0000 180.0000 -90.0000
1789255776966 -1.6778 0.7380 0.2662 30.0000 1.3679 134.5495 1.5000 0.0000 1.5000 -125.0000 180.0000 -90.0000
1789255782314 -1.7032 0.7139 0.2670 30.0000 1.3679 136.5518 1.5000 0.0000 1.5000 -125.0000 180.0000 -90.0000
1789255787681 -1.7277 0.6889 0.2679 30.0000 1.3679 138.5539 1.5000 0.0000 1.5000 -125.0000 180.0000 -90.0000
1789255793026 -1.7513 0.6631 0.2687 30.0000 1.3679 140.5562 1.5000 0.0000 1.5000 -125.0000 180.0000 -90.0000
1789255798341 -1.7740 0.6364 0.2695 30.0000 1.3679 142.5584 1.5000 0.0000 1.5000 -125.0000 180.0000 -90.0000
1789255803699 -1.7958 0.6090 0.2704 30.0000 1.3679 144.5606 1.5000 0.0000 1.5000 -125.0000 180.0000 -90.0000
1789255809094 -1.8165 0.5808 0.2712 30.0000 1.3679 146.5628 1.5000 0.0000 1.5000 -125.0000 180.0000 -90.0000
1789255814438 -1.8363 0.5519 0.2720 30.0000 1.3679 148.5651 1.5000 0.0000 1.5000 -125.0000 180.0000 -90.0000
1789255819772 -1.8551 0.5224 0.2729 30.0000 1.3679 150.5673 1.5000 0.0000 1.5000 -125.0000 180.0000 -90.0000
1789255824855 -1.8728 0.4922 0.2737 30.0000 1.3679 152.5695 1.5000 0.0000 1.5000 -125.0000 180.0000 -90.0000
1789255829926 -1.8895 0.4614 0.2745 30.0000 1.3679 154.5718 1.5000 0.0000 1.5000 -125.0000 180.0000 -90.0000
1789255835008 -1.9051 0.4300 0.2754 30.0000 1.3679 156.5740 1.5000 0.0000 1.5000 -125.0000 180.0000 -90.0000
1789255840104 -1.9196 0.3981 0.2762 30.0000 1.3679 158.5762 1.5000 0.0000 1.5000 -125.0000 180.0000 -90.0000
1789255845191 -1.9329 0.3658 0.2771 30.0000 1.3679 160.5784 1.5000 0.0000 1.5000 -125.0000 180.0000 -90.0000
1789255850291 -1.9451 0.3329 0.2779 30.0000 1.3679 162.5807 1.5000 0.0000 1.5000 -125.0000 180.0000 -90.0000
1789255855386 -1.9562 0.2997 0.2787 30.0000 1.3679 164.5828 1.5000 0.0000 1.5000 -125.0000 180.0000 -90.0000
1789255860466 -1.9661 0.2661 0.2796 30.0000 1.3679 166.5851 1.5000 0.0000 1.5000 -125.0000 180.0000 -90.0000
1789255865558 -1.9748 0.2322 0.2804 30.0000 1.3679 168.5873 1.5000 0.0000 1.5000 -125.0000 180.0000 -90.0000
1789255870665 -1.9823 0.1980 0.2812 30.0000 1.3679 170.5895 1.5000 0.0000 1.5000 -125.0000 180.0000 -90.0000
1789255875796 -1.9886 0.1636 0.2821 30.0000 1.3679 172.5918 1.5000 0.0000 1.5000 -125.0000 180.0000 -90.0000
1789255880895 -1.9937 0.1289 0.2829 30.0000 1.3679 174.5940 1.5000 0.0000 1.5000 -125.0000 180.0000 -90.0000
1789255885982 -1.9976 0.0941 0.2837 30.0000 1.3679 176.5962 1.5000 0.0000 1.5000 -125.0000 180.0000 -90.0000
1789255891073 -2.0003 0.0592 0.2846 30.0000 1.3679 178.5985 1.5000 0.0000 1.5000 -125.0000 180.0000 -90.0000
1789255896156 -2.0017 0.0242 0.2854 30.0000 1.3679 -179.3993 1.5000 0.0000 1.5000 -125.0000 180.0000 -90.0000
1789255901290 -2.0020 -0.0108 0.2862 30.0000 1.3679 -177.3971 1.5000 0.0000 1.5000 -125.0000 180.0000 -90.0000
1789255906405 -2.0010 -0.0458 0.2871 30.0000 1.3679 -175.3949 1.5000 0.0000 1.5000 -125.0000 180.0000 -90.0000
1789255911512 -1.9988 -0.0807 0.2879 30.0000 1.3679 -173.3926 1.5000 0.0000 1.5000 -125.0000 180.0000 -90.0000
1789255916607 -1.9954 -0.1156 0.2887 30.0000 1.3679 -171.3904 1.5000 0.0000 1.5000 -125.0000 180.0000 -90.0000
1789255921724 -1.9907 -0.1503 0.2896 30.0000 1.3679 -169.3882 1.5000 0.0000 1.5000 -125.0000 180.0000 -90.0000
1789255926826 -1.9849 -0.1848 0.2904 30.0000 1.3679 -167.3860 1.5000 0.0000 1.5000 -125.0000 180.0000 -90.0000
1789255931904 -1.9778 -0.2191 0.2912 30.0000 1.3679 -165.3838 1.5000 0.0000 1.5000 -125.0000 180.0000 -90.0000
1789255937053 -1.9695 -0.2531 0.2921 30.0000 1.3679 -163.3815 1.5000 0.0000 1.5000 -125.0000 180.0000 -90.0000
1789255942186 -1.9601 -0.2868 0.2929 30.0000 1.3679 -161.3793 1.5000 0.0000 1.5000 -125.0000 180.0000 -90.0000
1789255947300 -1.9495 -0.3202 0.2937 30.0000 1.3679 -159.3771 1.5000 0.0000 1.5000 -125.0000 180.0000 -90.0000
1789255952381 -1.9377 -0.3532 0.2946 30.0000 1.3679 -157.3749 1.5000 0.0000 1.5000 -125.0000 180.0000 -90.0000
1789255957482 -1.9248 -0.3857 0.2954 30.0000 1.3679 -155.3726 1.5000 0.0000 1.5000 -125.0000 180.0000 -90.0000
1789255962577 -1.9108 -0.4178 0.2962 30.0000 1.3679 -153.3704 1.5000 0.0000 1.5000 -125.0000 180.0000 -90.0000
1789255967703 -1.8956 -0.4494 0.2971 30.0000 1.3679 -151.3682 1.5000 0.0000 1.5000 -125.0000 180.0000 -90.0000
1789255972810 -1.8794 -0.4804 0.2979 30.0000 1.3679 -149.3659 1.5000 0.0000 1.5000 -125.0000 180.0000 -90.0000
1789255977914 -1.8621 -0.5108 0.2987 30.0000 1.3679 -147.3637 1.5000 0.0000 1.5000 -125.0000 180.0000 -90.0000
1789255983008 -1.8437 -0.5406 0.2996 30.0000 1.3679 -145.3615 1.5000 0.0000 1.5000 -125.0000 180.0000 -90.0000
1789255988101 -1.8243 -0.5698 0.3004 30.0000 1.3679 -143.3593 1.5000 0.0000 1.5000 -125.0000 180.0000 -90.0000
1789255993174 -1.8039 -0.5982 0.3012 30.0000 1.3679 -141.3571 1.5000 0.0000 1.5000 -125.0000 180.0000 -90.0000
1789255998261 -1.7825 -0.6260 0.3021 30.0000 1.3679 -139.3549 1.5000 0.0000 1.5000 -125.0000 180.0000 -90.0000
1789256003392 -1.7601 -0.6529 0.3029 30.0000 1.3679 -137.3526 1.5000 0.0000 1.5000 -125.0000 180.0000 -90.0000
1789256008516 -1.7368 -0.6791 0.3037 30.0000 1.3679 -135.3504 1.5000 0.0000 1.5000 -125.0000 180.0000 -90.0000
1789256013602 -1.7127 -0.7044 0.3046 30.0000 1.3679 -133.3482 1.5000 0.0000 1.5000 -125.0000 180.0000 -90.0000
1789256018699 -1.6876 -0.7289 0.3054 30.0000 1.3679 -131.3459 1.5000 0.0000 1.5000 -125.0000 180.0000 -90.0000
1789256023822 -1.6617 -0.7524 0.3063 30.0000 1.3679 -129.3437 1.5000 0.0000 1.5000 -125.0000 180.0000 -90.0000
1789256028905 -1.6351 -0.7751 0.3071 30.0000 1.3679 -127.3415 1.5000 0.0000 1.5000 -125.0000 180.0000 -90.0000
1789256033968 -1.6076 -0.7968 0.3079 30.0000 1.3679 -125.3392 1.5000 0.0000 1.5000 -125.0000 180.0000 -90.0000
1789256039037 -1.5794 -0.8176 0.3088 30.0000 1.3679 -123.3370 1.5000 0.0000 1.5000 -125.0000 180.0000 -90.0000
1789256044116 -1.5505 -0.8373 0.3096 30.0000 1.3679 -121.3348 1.5000 0.0000 1.5000 -125.0000 180.0000 -90.0000
1789256049205 -1.5209 -0.8560 0.3104 30.0000 1.3679 -119.3326 1.5000 0.0000 1.5000 -125.0000 180.0000 -90.0000
1789256054272 -1.4906 -0.8737 0.3113 30.0000 1.3679 -117.3304 1.5000 0.0000 1.5000 -125.0000 180.0000 -90.0000
1789256059353 -1.4598 -0.8903 0.3121 30.0000 1.3679 -115.3282 1.5000 0.0000 1.5000 -125.0000 180.0000 -90.0000
1789256064462 -1.4284 -0.9058 0.3129 30.0000 1.3679 -113.3259 1.5000 0.0000 1.5000 -125.0000 180.0000 -90.0000
1789256069584 -1.3965 -0.9202 0.3138 30.0000 1.3679 -111.3237 1.5000 0.0000 1.5000 -125.0000 180.0000 -90.0000
1789256074661 -1.3641 -0.9335 0.3146 30.0000 1.3679 -109.3215 1.5000 0.0000 1.5000 -125.0000 180.0000 -90.0000
1789256079725 -1.3313 -0.9457 0.3154 30.0000 1.3679 -107.3192 1.5000 0.0000 1.5000 -125.0000 180.0000 -90.0000
1789256084871 -1.2980 -0.9567 0.3163 30.0000 1.3679 -105.3170 1.5000 0.0000 1.5000 -125.0000 180.0000 -90.0000
1789256089949 -1.2644 -0.9665 0.3171 30.0000 1.3679 -103.3148 1.5000 0.0000 1.5000 -125.0000 180.0000 -90.0000
1789256095040 -1.2305 -0.9752 0.3179 30.0000 1.3679 -101.3126 1.5000 0.0000 1.5000 -125.0000 180.0000 -90.0000
1789256100130 -1.1963 -0.9826 0.3188 30.0000 1.3679 -99.3103 1.5000 0.0000 1.5000 -125.0000 180.0000 -90.0000
1789256105196 -1.1618 -0.9889 0.3196 30.0000 1.3679 -97.3081 1.5000 0.0000 1.5000 -125.0000 180.0000 -90.0000
1789256110262 -1.1272 -0.9939 0.3204 30.0000 1.3679 -95.3059 1.5000 0.0000 1.5000 -125.0000 180.0000 -90.0000
1789256115329 -1.0924 -0.9978 0.3213 30.0000 1.3679 -93.3037 1.5000 0.0000 1.5000 -125.0000 180.0000 -90.0000
1789256120411 -1.0575 -1.0004 0.3221 30.0000 1.3679 -91.3015 1.5000 0.0000 1.5000 -125.0000 180.0000 -90.0000
1789256125508 -1.0225 -1.0018 0.3229 30.0000 1.3679 -89.2992 1.5000 0.0000 1.5000 -125.0000 180.0000 -90.0000
1789256130626 -0.9875 -1.0020 0.3238 30.0000 1.3679 -87.2970 1.5000 0.0000 1.5000 -125.0000 180.0000 -90.0000
1789256135740 -0.9525 -1.0009 0.3246 30.0000 1.3679 -85.2948 1.5000 0.0000 1.5000 -125.0000 180.0000 -90.0000
1789256140834 -0.9175 -0.9986 0.3254 30.0000 1.3679 -83.2926 1.5000 0.0000 1.5000 -125.0000 180.0000 -90.0000
1789256145961 -0.8827 -0.9951 0.3263 30.0000 1.3679 -81.2903 1.5000 0.0000 1.5000 -125.0000 180.0000 -90.0000
1789256151026 -0.8480 -0.9904 0.3271 30.0000 1.3679 -79.2881 1.5000 0.0000 1.5000 -125.0000 180.0000 -90.0000
1789256156107 -0.8135 -0.9845 0.3279 30.0000 1.3679 -77.2859 1.5000 0.0000 1.5000 -125.0000 180.0000 -90.0000
1789256161166 -0.7792 -0.9774 0.3288 30.0000 1.3679 -75.2836 1.5000 0.0000 1.5000 -125.0000 180.0000 -90.0000
1789256166250 -0.7452 -0.9691 0.3296 30.0000 1.3679 -73.2814 1.5000 0.0000 1.5000 -125.0000 180.0000 -90.0000
1789256171342 -0.7115 -0.9596 0.3304 30.0000 1.3679 -71.2792 1.5000 0.0000 1.5000 -125.0000 180.0000 -90.0000
1789256176392 -0.6781 -0.9489 0.3313 30.0000 1.3679 -69.2769 1.5000 0.0000 1.5000 -125.0000 180.0000 -90.0000
1789256181451 -0.6452 -0.9371 0.3321 30.0000 1.3679 -67.2748 1.5000 0.0000 1.5000 -125.0000 180.0000 -90.0000
1789256186557 -0.6126 -0.9241 0.3329 30.0000 1.3679 -65.2725 1.5000 0.0000 1.5000 -125.0000 180.0000 -90.0000
1789256191659 -0.5806 -0.9100 0.3338 30.0000 1.3679 -63.2703 1.5000 0.0000 1.5000 -125.0000 180.0000 -90.0000
1789256196757 -0.5491 -0.8948 0.3346 30.0000 1.3679 -61.2681 1.5000 0.0000 1.5000 -125.0000 180.0000 -90.0000
1789256201858 -0.5181 -0.8785 0.3355 30.0000 1.3679 -59.2659 1.5000 0.0000 1.5000 -125.0000 180.0000 -90.0000
1789256206944 -0.4877 -0.8612 0.3363 30.0000 1.3679 -57.2636 1.5000 0.0000 1.5000 -125.0000 180.0000 -90.0000
1789256212025 -0.4579 -0.8427 0.3371 30.0000 1.3679 -55.2614 1.5000 0.0000 1.5000 -125.0000 180.0000 -90.0000
1789256217111 -0.4288 -0.8233 0.3380 30.0000 1.3679 -53.2592 1.5000 0.0000 1.5000 -125.0000 180.0000 -90.0000
1789256222193 -0.4004 -0.8028 0.3388 30.0000 1.3679 -51.2569 1.5000 0.0000 1.5000 -125.0000 180.0000 -90.0000
1789256227271 -0.3727 -0.7814 0.3396 30.0000 1.3679 -49.2547 1.5000 0.0000 1.5000 -125.0000 180.0000 -90.0000
1789256232354 -0.3458 -0.7590 0.3405 30.0000 1.3679 -47.2525 1.5000 0.0000 1.5000 -125.0000 180.0000 -90.0000
1789256237441 -0.3196 -0.7357 0.3413 30.0000 1.3679 -45.2503 1.5000 0.0000 1.5000 -125.0000 180.0000 -90.0000
1789256242527 -0.2944 -0.7114 0.3421 30.0000 1.3679 -43.2480 1.5000 0.0000 1.5000 -125.0000 180.0000 -90.0000
1789256247628 -0.2699 -0.6864 0.3430 30.0000 1.3679 -41.2458 1.5000 0.0000 1.5000 -125.0000 180.0000 -90.0000
1789256252739 -0.2464 -0.6604 0.3438 30.0000 1.3679 -39.2436 1.5000 0.0000 1.5000 -125.0000 180.0000 -90.0000
1789256257818 -0.2238 -0.6337 0.3446 30.0000 1.3679 -37.2414 1.5000 0.0000 1.5000 -125.0000 180.0000 -90.0000
1789256262925 -0.2021 -0.6062 0.3455 30.0000 1.3679 -35.2392 1.5000 0.0000 1.5000 -125.0000 180.0000 -90.0000
1789256268042 -0.1814 -0.5779 0.3463 30.0000 1.3679 -33.2369 1.5000 0.0000 1.5000 -125.0000 180.0000 -90.0000
1789256273123 -0.1617 -0.5490 0.3471 30.0000 1.3679 -31.2347 1.5000 0.0000 1.5000 -125.0000 180.0000 -90.0000
1789256278205 -0.1431 -0.5194 0.3480 30.0000 1.3679 -29.2325 1.5000 0.0000 1.5000 -125.0000 180.0000 -90.0000
1789256283299 -0.1254 -0.4891 0.3488 30.0000 1.3679 -27.2302 1.5000 0.0000 1.5000 -125.0000 180.0000 -90.0000
1789256288372 -0.1089 -0.4583 0.3496 30.0000 1.3679 -25.2280 1.5000 0.0000 1.5000 -125.0000 180.0000 -90.0000
1789256293470 -0.0934 -0.4268 0.3505 30.0000 1.3679 -23.2258 1.5000 0.0000 1.5000 -125.0000 180.0000 -90.0000
1789256298567 -0.0791 -0.3949 0.3513 30.0000 1.3679 -21.2236 1.5000 0.0000 1.5000 -125.0000 180.0000 -90.0000
1789256303664 -0.0658 -0.3625 0.3521 30.0000 1.3679 -19.2213 1.5000 0.0000 1.5000 -125.0000 180.0000 -90.0000
1789256308759 -0.0537 -0.3296 0.3530 30.0000 1.3679 -17.2191 1.5000 0.0000 1.5000 -125.0000 180.0000 -90.0000
1789256313843 -0.0428 -0.2964 0.3538 30.0000 1.3679 -15.2169 1.5000 0.0000 1.5000 -125.0000 180.0000 -90.0000
1789256318968 -0.0330 -0.2627 0.3546 30.0000 1.3679 -13.2147 1.5000 0.0000 1.5000 -125.0000 180.0000 -90.0000
1789256324058 -0.0244 -0.2288 0.3555 30.0000 1.3679 -11.2125 1.5000 0.0000 1.5000 -125.0000 180.0000 -90.0000
1789256329172 -0.0170 -0.1946 0.3563 30.0000 1.3679 -9.2102 1.5000 0.0000 1.5000 -125.0000 180.0000 -90.0000
1789256334273 -0.0108 -0.1601 0.3571 30.0000 1.3679 -7.2080 1.5000 0.0000 1.5000 -125.0000 180.0000 -90.0000
1789256339350 -0.0058 -0.1255 0.3580 30.0000 1.3679 -5.2058 1.5000 0.0000 1.5000 -125.0000 180.0000 -90.0000
1789256344447 -0.0021 -0.0906 0.3588 30.0000 1.3679 -3.2036 1.5000 0.0000 1.5000 -125.0000 180.0000 -90.0000
1789256349542 0.0005 -0.0557 0.3596 30.0000 1.3679 -1.2013 1.5000 0.0000 1.5000 -125.0000 180.0000 -90.0000
1789256354650 0.0018 -0.0207 0.3605 30.0000 1.3679 0.8009 1.5000 0.0000 1.5000 -125.0000 180.0000 -90.0000
1789256359735 0.0019 0.0143 0.3613 30.0000 1.3679 2.8031 1.5000 0.0000 1.5000 -125.0000 180.0000 -90.0000
1789256364832 0.0008 0.0493 0.3621 30.0000 1.3679 4.8054 1.5000 0.0000 1.5000 -125.0000 180.0000 -90.0000
1789256369903 -0.0015 0.0842 0.3630 30.0000 1.3679 6.8076 1.5000 0.0000 1.5000 -125.0000 180.0000 -90.0000
1789256374974 -0.0051 0.1190 0.3638 30.0000 1.3679 8.8098 1.5000 0.0000 1.5000 -125.0000 180.0000 -90.0000
1789256380052 -0.0098 0.1537 0.3646 30.0000 1.3679 10.8120 1.5000 0.0000 1.5000 -125.0000 180.0000 -90.0000
1789256385183 -0.0158 0.1882 0.3655 30.0000 1.3679 12.8142 1.5000 0.0000 1.5000 -125.0000 180.0000 -90.0000
1789256390269 -0.0230 0.2225 0.3663 30.0000 1.3679 14.8164 1.5000 0.0000 1.5000 -125.0000 180.0000 -90.0000
1789256395377 -0.0313 0.2565 0.3672 30.0000 1.3679 16.8187 1.5000 0.0000 1.5000 -125.0000 180.0000 -90.0000
1789256400441 -0.0409 0.2902 0.3680 30.0000 1.3679 18.8209 1.5000 0.0000 1.5000 -125.0000 180.0000 -90.0000
1789256405526 -0.0516 0.3235 0.3688 30.0000 1.3679 20.8231 1.5000 0.0000 1.5000 -125.0000 180.0000 -90.0000
1789256410603 -0.0635 0.3565 0.3697 30.0000 1.3679 22.8254 1.5000 0.0000 1.5000 -125.0000 180.0000 -90.0000
1789256415685 -0.0765 0.3890 0.3705 30.0000 1.3679 24.8276 1.5000 0.0000 1.5000 -125.0000 180.0000 -90.0000
1789256420778 -0.0907 0.4210 0.3713 30.0000 1.3679 26.8298 1.5000 0.0000 1.5000 -125.0000 180.0000 -90.0000
1789256425900 -0.1060 0.4525 0.3722 30.0000 1.3679 28.8321 1.5000 0.0000 1.5000 -125.0000 180.0000 -90.0000
1789256430987 -0.1223 0.4835 0.3730 30.0000 1.3679 30.8343 1.5000 0.0000 1.5000 -125.0000 180.0000 -90.0000
1789256436055 -0.1397 0.5138 0.3738 30.0000 1.3679 32.8365 1.5000 0.0000 1.5000 -125.0000 180.0000 -90.0000
1789256441158 -0.1582 0.5436 0.3747 30.0000 1.3679 34.8387 1.5000 0.0000 1.5000 -125.0000 180.0000 -90.0000
1789256446259 -0.1777 0.5727 0.3755 30.0000 1.3679 36.8409 1.5000 0.0000 1.5000 -125.0000 180.0000 -90.0000
1789256451324 -0.1982 0.6010 0.3763 30.0000 1.3679 38.8431 1.5000 0.0000 1.5000 -125.0000 180.0000 -90.0000
1789256456440 -0.2197 0.6287 0.3772 30.0000 1.3679 40.8454 1.5000 0.0000 1.5000 -125.0000 180.0000 -90.0000
1789256461562 -0.2422 0.6556 0.3780 30.0000 1.3679 42.8476 1.5000 0.0000 1.5000 -125.0000 180.0000 -90.0000
1789256466634 -0.2655 0.6816 0.3788 30.0000 1.3679 44.8498 1.5000 0.0000 1.5000 -125.0000 180.0000 -90.0000
1789256471720 -0.2898 0.7069 0.3797 30.0000 1.3679 46.8521 1.5000 0.0000 1.5000 -125.0000 180.0000 -90.0000
1789256476812 -0.3149 0.7313 0.3805 30.0000 1.3679 48.8543 1.5000 0.0000 1.5000 -125.0000 180.0000 -90.0000
1789256481890 -0.3409 0.7548 0.3813 30.0000 1.3679 50.8565 1.5000 0.0000 1.5000 -125.0000 180.0000 -90.0000
1789256487017 -0.3677 0.7773 0.3822 30.0000 1.3679 52.8587 1.5000 0.0000 1.5000 -125.0000 180.0000 -90.0000
1789256492098 -0.3952 0.7989 0.3830 30.0000 1.3679 54.8610 1.5000 0.0000 1.5000 -125.0000 180.0000 -90.0000
1789256497190 -0.4235 0.8196 0.3838 30.0000 1.3679 56.8632 1.5000 0.0000 1.5000 -125.0000 180.0000 -90.0000
1789256502274 -0.4525 0.8392 0.3847 30.0000 1.3679 58.8654 1.5000 0.0000 1.5000 -125.0000 180.0000 -90.0000
1789256507368 -0.4821 0.8578 0.3855 30.0000 1.3679 60.8676 1.5000 0.0000 1.5000 -125.0000 180.0000 -90.0000
1789256512455 -0.5124 0.8754 0.3863 30.0000 1.3679 62.8698 1.5000 0.0000 1.5000 -125.0000 180.0000 -90.0000
1789256517517 -0.5433 0.8919 0.3872 30.0000 1.3679 64.8721 1.5000 0.0000 1.5000 -125.0000 180.0000 -90.0000
1789256522615 -0.5747 0.9073 0.3880 30.0000 1.3679 66.8743 1.5000 0.0000 1.5000 -125.0000 180.0000 -90.0000
1789256527707 -0.6067 0.9216 0.3888 30.0000 1.3679 68.8765 1.5000 0.0000 1.5000 -125.0000 180.0000 -90.0000
1789256532814 -0.6391 0.9348 0.3897 30.0000 1.3679 70.8788 1.5000 0.0000 1.5000 -125.0000 180.0000 -90.0000
1789256537899 -0.6720 0.9468 0.3905 30.0000 1.3679 72.8810 1.5000 0.0000 1.5000 -125.0000 180.0000 -90.0000
1789256542970 -0.7053 0.9577 0.3913 30.0000 1.3679 74.8832 1.5000 0.0000 1.5000 -125.0000 180.0000 -90.0000
1789256548079 -0.7389 0.9674 0.3922 30.0000 1.3679 76.8854 1.5000 0.0000 1.5000 -125.0000 180.0000 -90.0000
1789256553148 -0.7729 0.9760 0.3930 30.0000 1.3679 78.8877 1.5000 0.0000 1.5000 -125.0000 180.0000 -90.0000
1789256558236 -0.8071 0.9833 0.3938 30.0000 1.3679 80.8899 1.5000 0.0000 1.5000 -125.0000 180.0000 -90.0000
1789256563312 -0.8416 0.9894 0.3947 30.0000 1.3679 82.8921 1.5000 0.0000 1.5000 -125.0000 180.0000 -90.0000
1789256568407 -0.8763 0.9944 0.3955 30.0000 1.3679 84.8944 1.5000 0.0000 1.5000 -125.0000 180.0000 -90.0000
1789256573484 -0.9111 0.9981 0.3964 30.0000 1.3679 86.8965 1.5000 0.0000 1.5000 -125.0000 180.0000 -90.0000
1789256578561 -0.9460 1.0006 0.3972 30.0000 1.3679 88.8988 1.5000 0.0000 1.5000 -125.0000 180.0000 -90.0000
1789256583636 -0.9810 1.0019 0.3980 30.0000 1.3679 90.9010 1.5000 0.0000 1.5000 -125.0000 180.0000 -90.0000
1789256588770 -1.0160 1.0019 0.3989 30.0000 1.3679 92.9032 1.5000 0.0000 1.5000 -125.0000 180.0000 -90.0000
1789256593856 -1.0510 1.0007 0.3997 30.0000 1.3679 94.9054 1.5000 0.0000 1.5000 -125.0000 180.0000 -90.0000
1789256598917 -1.0860 0.9983 0.4005 30.0000 1.3679 96.9077 1.5000 0.0000 1.5000 -125.0000 180.0000 -90.0000
1789256603989 -1.1208 0.9947 0.4014 30.0000 1.3679 98.9099 1.5000 0.0000 1.5000 -125.0000 180.0000 -90.0000
1789256609102 -1.1555 0.9899 0.4022 30.0000 1.3679 100.9121 1.5000 0.0000 1.5000 -125.0000 180.0000 -90.0000
1789256614192 -1.1900 0.9839 0.4030 30.0000 1.3679 102.9144 1.5000 0.0000 1.5000 -125.0000 180.0000 -90.0000
1789256619277 -1.2242 0.9766 0.4039 30.0000 1.3679 104.9166 1.5000 0.0000 1.5000 -125.0000 180.0000 -90.0000
1789256624391 -1.2582 0.9682 0.4047 30.0000 1.3679 106.9188 1.5000 0.0000 1.5000 -125.0000 180.0000 -90.0000
1789256629461 -1.2919 0.9586 0.4055 30.0000 1.3679 108.9210 1.5000 0.0000 1.5000 -125.0000 180.0000 -90.0000
1789256634543 -1.3252 0.9478 0.4064 30.0000 1.3679 110.9232 1.5000 0.0000 1.5000 -125.0000 180.0000 -90.0000
1789256639619 -1.3581 0.9359 0.4072 30.0000 1.3679 112.9255 1.5000 0.0000 1.5000 -125.0000 180.0000 -90.0000
1789256644726 -1.3906 0.9228 0.4080 30.0000 1.3679 114.9277 1.5000 0.0000 1.5000 -125.0000 180.0000 -90.0000
1789256649803 -1.4226 0.9086 0.4089 30.0000 1.3679 116.9299 1.5000 0.0000 1.5000 -125.0000 180.0000 -90.0000
1789256654921 -1.4541 0.8933 0.4097 30.0000 1.3679 118.9321 1.5000 0.0000 1.5000 -125.0000 180.0000 -90.0000
1789256660028 -1.4850 0.8768 0.4105 30.0000 1.3679 120.9344 1.5000 0.0000 1.5000 -125.0000 180.0000 -90.0000
1789256665141 -1.5153 0.8594 0.4114 30.0000 1.3679 122.9366 1.5000 0.0000 1.5000 -125.0000 180.0000 -90.0000
1789256670230 -1.5450 0.8408 0.4122 30.0000 1.3679 124.9388 1.5000 0.0000 1.5000 -125.0000 180.0000 -90.0000
1789256675345 -1.5741 0.8213 0.4130 30.0000 1.3679 126.9411 1.5000 0.0000 1.5000 -125.0000 180.0000 -90.0000
1789256680428 -1.6024 0.8007 0.4139 30.0000 1.3679 128.9433 1.5000 0.0000 1.5000 -125.0000 180.0000 -90.0000
1789256685547 -1.6300 0.7792 0.4147 30.0000 1.3679 130.9455 1.5000 0.0000 1.5000 -125.0000 180.0000 -90.0000
1789256690609 -1.6569 0.7567 0.4155 30.0000 1.3679 132.9477 1.5000 0.0000 1.5000 -125.0000 180.0000 -90.0000
1789256695695 -1.6829 0.7333 0.4164 30.0000 1.3679 134.9500 1.5000 0.0000 1.5000 -125.0000 180.0000 -90.0000
1789256700774 -1.7081 0.7090 0.4172 30.0000 1.3679 136.9522 1.5000 0.0000 1.5000 -125.0000 180.0000 -90.0000
1789256705857 -1.7325 0.6838 0.4180 30.0000 1.3679 138.9544 1.5000 0.0000 1.5000 -125.0000 180.0000 -90.0000
1789256710942 -1.7559 0.6578 0.4189 30.0000 1.3679 140.9566 1.5000 0.0000 1.5000 -125.0000 180.0000 -90.0000
1789256716044 -1.7784 0.6310 0.4197 30.0000 1.3679 142.9588 1.5000 0.0000 1.5000 -125.0000 180.0000 -90.0000
1789256721143 -1.8000 0.6034 0.4205 30.0000 1.3679 144.9611 1.5000 0.0000 1.5000 -125.0000 180.0000 -90.0000
1789256726213 -1.8206 0.5751 0.4214 30.0000 1.3679 146.9633 1.5000 0.0000 1.5000 -125.0000 180.0000 -90.0000
1789256731317 -1.8402 0.5461 0.4222 30.0000 1.3679 148.9655 1.5000 0.0000 1.5000 -125.0000 180.0000 -90.0000
1789256736400 -1.8587 0.5164 0.4230 30.0000 1.3679 150.9678 1.5000 0.0000 1.5000 -125.0000 180.0000 -90.0000
1789256741475 -1.8763 0.4861 0.4239 30.0000 1.3679 152.9700 1.5000 0.0000 1.5000 -125.0000 180.0000 -90.0000
1789256746568 -1.8927 0.4551 0.4247 30.0000 1.3679 154.9722 1.5000 0.0000 1.5000 -125.0000 180.0000 -90.0000
1789256751662 -1.9081 0.4237 0.4256 30.0000 1.3679 156.9744 1.5000 0.0000 1.5000 -125.0000 180.0000 -90.0000
1789256756742 -1.9223 0.3917 0.4264 30.0000 1.3679 158.9767 1.5000 0.0000 1.5000 -125.0000 180.0000 -90.0000
1789256761807 -1.9354 0.3592 0.4272 30.0000 1.3679 160.9789 1.5000 0.0000 1.5000 -125.0000 180.0000 -90.0000
1789256766889 -1.9474 0.3263 0.4281 30.0000 1.3679 162.9811 1.5000 0.0000 1.5000 -125.0000 180.0000 -90.0000
1789256771961 -1.9582 0.2930 0.4289 30.0000 1.3679 164.9833 1.5000 0.0000 1.5000 -125.0000 180.0000 -90.0000
1789256777035 -1.9679 0.2594 0.4297 30.0000 1.3679 166.9855 1.5000 0.0000 1.5000 -125.0000 180.0000 -90.0000
1789256782121 -1.9764 0.2254 0.4306 30.0000 1.3679 168.9877 1.5000 0.0000 1.5000 -125.0000 180.0000 -90.0000
1789256787214 -1.9836 0.1911 0.4314 30.0000 1.3679 170.9900 1.5000 0.0000 1.5000 -125.0000 180.0000 -90.0000
1789256792312 -1.9897 0.1567 0.4322 30.0000 1.3679 172.9922 1.5000 0.0000 1.5000 -125.0000 180.0000 -90.0000
1789256797396 -1.9946 0.1220 0.4331 30.0000 1.3679 174.9944 1.5000 0.0000 1.5000 -125.0000 180.0000 -90.0000
1789256802503 -1.9982 0.0872 0.4339 30.0000 1.3679 176.9967 1.5000 0.0000 1.5000 -125.0000 180.0000 -90.0000
1789256807637 -2.0007 0.0522 0.4347 30.0000 1.3679 178.9989 1.5000 0.0000 1.5000 -125.0000 180.0000 -90.0000
1789256812726 -2.0019 0.0172 0.4356 30.0000 1.3679 -178.9989 1.5000 0.0000 1.5000 -125.0000 180.0000 -90.0000
1789256817813 -2.0019 -0.0178 0.4364 30.0000 1.3679 -176.9966 1.5000 0.0000 1.5000 -125.0000 180.0000 -90.0000
1789256822908 -2.0006 -0.0528 0.4372 30.0000 1.3679 -174.9944 1.5000 0.0000 1.5000 -125.0000 180.0000 -90.0000
1789256827994 -1.9982 -0.0877 0.4381 30.0000 1.3679 -172.9922 1.5000 0.0000 1.5000 -125.0000 180.0000 -90.0000
1789256833060 -1.9945 -0.1225 0.4389 30.0000 1.3679 -170.9900 1.5000 0.0000 1.5000 -125.0000 180.0000 -90.0000
1789256838117 -1.9896 -0.1572 0.4397 30.0000 1.3679 -168.9878 1.5000 0.0000 1.5000 -125.0000 180.0000 -90.0000
1789256843187 -1.9835 -0.1917 0.4406 30.0000 1.3679 -166.9856 1.5000 0.0000 1.5000 -125.0000 180.0000 -90.0000
1789256848312 -1.9762 -0.2259 0.4414 30.0000 1.3679 -164.9833 1.5000 0.0000 1.5000 -125.0000 180.0000 -90.0000
1789256853407 -1.9677 -0.2599 0.4422 30.0000 1.3679 -162.9811 1.5000 0.0000 1.5000 -125.0000 180.0000 -90.0000
1789256858487 -1.9581 -0.2935 0.4431 30.0000 1.3679 -160.9788 1.5000 0.0000 1.5000 -125.0000 180.0000 -90.0000
1789256863555 -1.9472 -0.3268 0.4439 30.0000 1.3679 -158.9766 1.5000 0.0000 1.5000 -125.0000 180.0000 -90.0000
1789256868660 -1.9352 -0.3597 0.4447 30.0000 1.3679 -156.9745 1.5000 0.0000 1.5000 -125.0000 180.0000 -90.0000
1789256873749 -1.9221 -0.3922 0.4456 30.0000 1.3679 -154.9722 1.5000 0.0000 1.5000 -125.0000 180.0000 -90.0000
1789256878842 -1.9078 -0.4242 0.4464 30.0000 1.3679 -152.9700 1.5000 0.0000 1.5000 -125.0000 180.0000 -90.0000
1789256883929 -1.8925 -0.4556 0.4472 30.0000 1.3679 -150.9677 1.5000 0.0000 1.5000 -125.0000 180.0000 -90.0000
1789256889007 -1.8760 -0.4865 0.4481 30.0000 1.3679 -148.9656 1.5000 0.0000 1.5000 -125.0000 180.0000 -90.0000
1789256894112 -1.8585 -0.5168 0.4489 30.0000 1.3679 -146.9633 1.5000 0.0000 1.5000 -125.0000 180.0000 -90.0000
1789256899204 -1.8399 -0.5465 0.4497 30.0000 1.3679 -144.9611 1.5000 0.0000 1.5000 -125.0000 180.0000 -90.0000
1789256904281 -1.8203 -0.5755 0.4506 30.0000 1.3679 -142.9588 1.5000 0.0000 1.5000 -125.0000 180.0000 -90.0000
1789256909346 -1.7997 -0.6038 0.4514 30.0000 1.3679 -140.9566 1.5000 0.0000 1.5000 -125.0000 180.0000 -90.0000
1789256914493 -1.7781 -0.6314 0.4522 30.0000 1.3679 -138.9544 1.5000 0.0000 1.5000 -125.0000 180.0000 -90.0000
1789256919556 -1.7555 -0.6582 0.4531 30.0000 1.3679 -136.9522 1.5000 0.0000 1.5000 -125.0000 180.0000 -90.0000
1789256924652 -1.7321 -0.6842 0.4539 30.0000 1.3679 -134.9499 1.5000 0.0000 1.5000 -125.0000 180.0000 -90.0000
1789256929747 -1.7077 -0.7094 0.4547 30.0000 1.3679 -132.9477 1.5000 0.0000 1.5000 -125.0000 180.0000 -90.0000
1789256934836 -1.6825 -0.7337 0.4556 30.0000 1.3679 -130.9455 1.5000 0.0000 1.5000 -125.0000 180.0000 -90.0000
1789256939900 -1.6565 -0.7571 0.4564 30.0000 1.3679 -128.9433 1.5000 0.0000 1.5000 -125.0000 180.0000 -90.0000
1789256945014 -1.6296 -0.7795 0.4573 30.0000 1.3679 -126.9411 1.5000 0.0000 1.5000 -125.0000 180.0000 -90.0000
1789256950123 -1.6020 -0.8010 0.4581 30.0000 1.3679 -124.9388 1.5000 0.0000 1.5000 -125.0000 180.0000 -90.0000
1789256955195 -1.5736 -0.8216 0.4589 30.0000 1.3679 -122.9366 1.5000 0.0000 1.5000 -125.0000 180.0000 -90.0000
1789256960458 -1.5446 -0.8411 0.4598 30.0000 1.3679 -120.9343 1.5000 0.0000 1.5000 -125.0000 180.0000 -90.0000
1789256965630 -1.5149 -0.8596 0.4606 30.0000 1.3679 -118.9322 1.5000 0.0000 1.5000 -125.0000 180.0000 -90.0000
1789256970711 -1.4845 -0.8771 0.4614 30.0000 1.3679 -116.9299 1.5000 0.0000 1.5000 -125.0000 180.0000 -90.0000
1789256975808 -1.4536 -0.8935 0.4623 30.0000 1.3679 -114.9277 1.5000 0.0000 1.5000 -125.0000 180.0000 -90.0000
1789256980905 -1.4221 -0.9088 0.4631 30.0000 1.3679 -112.9254 1.5000 0.0000 1.5000 -125.0000 180.0000 -90.0000
1789256986014 -1.3901 -0.9230 0.4639 30.0000 1.3679 -110.9232 1.5000 0.0000 1.5000 -125.0000 180.0000 -90.0000
1789256991109 -1.3576 -0.9361 0.4648 30.0000 1.3679 -108.9210 1.5000 0.0000 1.5000 -125.0000 180.0000 -90.0000
1789256996173 -1.3247 -0.9480 0.4656 30.0000 1.3679 -106.9188 1.5000 0.0000 1.5000 -125.0000 180.0000 -90.0000
1789257001245 -1.2913 -0.9587 0.4664 30.0000 1.3679 -104.9166 1.5000 0.0000 1.5000 -125.0000 180.0000 -90.0000
1789257006333 -1.2577 -0.9683 0.4673 30.0000 1.3679 -102.9143 1.5000 0.0000 1.5000 -125.0000 180.0000 -90.0000
1789257011402 -1.2237 -0.9768 0.4681 30.0000 1.3679 -100.9122 1.5000 0.0000 1.5000 -125.0000 180.0000 -90.0000
1789257016461 -1.1894 -0.9840 0.4689 30.0000 1.3679 -98.9099 1.5000 0.0000 1.5000 -125.0000 180.0000 -90.0000
1789257021579 -1.1549 -0.9900 0.4698 30.0000 1.3679 -96.9077 1.5000 0.0000 1.5000 -125.0000 180.0000 -90.0000
1789257026685 -1.1202 -0.9948 0.4706 30.0000 1.3679 -94.9054 1.5000 0.0000 1.5000 -125.0000 180.0000 -90.0000
1789257031756 -1.0854 -0.9984 0.4714 30.0000 1.3679 -92.9032 1.5000 0.0000 1.5000 -125.0000 180.0000 -90.0000
1789257036828 -1.0505 -1.0008 0.4723 30.0000 1.3679 -90.9010 1.5000 0.0000 1.5000 -125.0000 180.0000 -90.0000
1789257041933 -1.0155 -1.0019 0.4731 30.0000 1.3679 -88.8988 1.5000 0.0000 1.5000 -125.0000 180.0000 -90.0000
1789257047049 -0.9805 -1.0018 0.4739 30.0000 1.3679 -86.8965 1.5000 0.0000 1.5000 -125.0000 180.0000 -90.0000
1789257052106 -0.9455 -1.0006 0.4748 30.0000 1.3679 -84.8943 1.5000 0.0000 1.5000 -125.0000 180.0000 -90.0000
1789257057185 -0.9106 -0.9980 0.4756 30.0000 1.3679 -82.8922 1.5000 0.0000 1.5000 -125.0000 180.0000 -90.0000
1789257062259 -0.8757 -0.9943 0.4764 30.0000 1.3679 -80.8899 1.5000 0.0000 1.5000 -125.0000 180.0000 -90.0000
1789257067327 -0.8411 -0.9894 0.4773 30.0000 1.3679 -78.8877 1.5000 0.0000 1.5000 -125.0000 180.0000 -90.0000
1789257072444 -0.8066 -0.9832 0.4781 30.0000 1.3679 -76.8854 1.5000 0.0000 1.5000 -125.0000 180.0000 -90.0000
1789257077492 -0.7724 -0.9758 0.4789 30.0000 1.3679 -74.8832 1.5000 0.0000 1.5000 -125.0000 180.0000 -90.0000
1789257082543 -0.7384 -0.9673 0.4798 30.0000 1.3679 -72.8810 1.5000 0.0000 1.5000 -125.0000 180.0000 -90.0000
1789257087592 -0.7048 -0.9576 0.4806 30.0000 1.3679 -70.8788 1.5000 0.0000 1.5000 -125.0000 180.0000 -90.0000
1789257092678 -0.6715 -0.9467 0.4814 30.0000 1.3679 -68.8765 1.5000 0.0000 1.5000 -125.0000 180.0000 -90.0000
1789257097744 -0.6386 -0.9346 0.4823 30.0000 1.3679 -66.8743 1.5000 0.0000 1.5000 -125.0000 180.0000 -90.0000
1789257102851 -0.6062 -0.9214 0.4831 30.0000 1.3679 -64.8720 1.5000 0.0000 1.5000 -125.0000 180.0000 -90.0000
1789257107943 -0.5742 -0.9071 0.4839 30.0000 1.3679 -62.8699 1.5000 0.0000 1.5000 -125.0000 180.0000 -90.0000
1789257113051 -0.5428 -0.8917 0.4848 30.0000 1.3679 -60.8676 1.5000 0.0000 1.5000 -125.0000 180.0000 -90.0000
1789257118124 -0.5119 -0.8751 0.4856 30.0000 1.3679 -58.8654 1.5000 0.0000 1.5000 -125.0000 180.0000 -90.0000
1789257123192 -0.4817 -0.8576 0.4865 30.0000 1.3679 -56.8632 1.5000 0.0000 1.5000 -125.0000 180.0000 -90.0000
1789257128249 -0.4520 -0.8389 0.4873 30.0000 1.3679 -54.8610 1.5000 0.0000 1.5000 -125.0000 180.0000 -90.0000
1789257133296 -0.4230 -0.8193 0.4881 30.0000 1.3679 -52.8588 1.5000 0.0000 1.5000 -125.0000 180.0000 -90.0000
1789257138346 -0.3948 -0.7986 0.4890 30.0000 1.3679 -50.8565 1.5000 0.0000 1.5000 -125.0000 180.0000 -90.0000
1789257143422 -0.3672 -0.7770 0.4898 30.0000 1.3679 -48.8543 1.5000 0.0000 1.5000 -125.0000 180.0000 -90.0000
1789257148472 -0.3405 -0.7544 0.4906 30.0000 1.3679 -46.8520 1.5000 0.0000 1.5000 -125.0000 180.0000 -90.0000
1789257153569 -0.3145 -0.7309 0.4915 30.0000 1.3679 -44.8499 1.5000 0.0000 1.5000 -125.0000 180.0000 -90.0000
1789257158652 -0.2894 -0.7065 0.4923 30.0000 1.3679 -42.8476 1.5000 0.0000 1.5000 -125.0000 180.0000 -90.0000
1789257163745 -0.2652 -0.6812 0.4931 30.0000 1.3679 -40.8454 1.5000 0.0000 1.5000 -125.0000 180.0000 -90.0000
1789257168853 -0.2418 -0.6551 0.4940 30.0000 1.3679 -38.8431 1.5000 0.0000 1.5000 -125.0000 180.0000 -90.0000
1789257173938 -0.2194 -0.6283 0.4948 30.0000 1.3679 -36.8409 1.5000 0.0000 1.5000 -125.0000 180.0000 -90.0000
1789257179038 -0.1979 -0.6006 0.4956 30.0000 1.3679 -34.8387 1.5000 0.0000 1.5000 -125.0000 180.0000 -90.0000
1789257184148 -0.1774 -0.5722 0.4965 30.0000 1.3679 -32.8365 1.5000 0.0000 1.5000 -125.0000 180.0000 -90.0000
1789257189231 -0.1579 -0.5431 0.4973 30.0000 1.3679 -30.8343 1.5000 0.0000 1.5000 -125.0000 180.0000 -90.0000
1789257194299 -0.1395 -0.5134 0.4981 30.0000 1.3679 -28.8320 1.5000 0.0000 1.5000 -125.0000 180.0000 -90.0000
1789257199376 -0.1220 -0.4830 0.4990 30.0000 1.3679 -26.8299 1.5000 0.0000 1.5000 -125.0000 180.0000 -90.0000
1789257204464 -0.1057 -0.4520 0.4998 30.0000 1.3679 -24.8276 1.5000 0.0000 1.5000 -125.0000 180.0000 -90.0000
1789257209547 -0.0905 -0.4205 0.5006 30.0000 1.3679 -22.8254 1.5000 0.0000 1.5000 -125.0000 180.0000 -90.0000
1789257214680 -0.0763 -0.3885 0.5015 30.0000 1.3679 -20.8231 1.5000 0.0000 1.5000 -125.0000 180.0000 -90.0000
1789257219785 -0.0633 -0.3560 0.5023 30.0000 1.3679 -18.8209 1.5000 0.0000 1.5000 -125.0000 180.0000 -90.0000
1789257224886 -0.0515 -0.3230 0.5031 30.0000 1.3679 -16.8187 1.5000 0.0000 1.5000 -125.0000 180.0000 -90.0000
1789257229978 -0.0407 -0.2897 0.5040 30.0000 1.3679 -14.8165 1.5000 0.0000 1.5000 -125.0000 180.0000 -90.0000
1789257235085 -0.0312 -0.2560 0.5048 30.0000 1.3679 -12.8142 1.5000 0.0000 1.5000 -125.0000 180.0000 -90.0000
1789257240215 -0.0229 -0.2220 0.5056 30.0000 1.3679 -10.8120 1.5000 0.0000 1.5000 -125.0000 180.0000 -90.0000
1789257245297 -0.0157 -0.1877 0.5065 30.0000 1.3679 -8.8097 1.5000 0.0000 1.5000 -125.0000 180.0000 -90.0000
1789257250386 -0.0097 -0.1532 0.5073 30.0000 1.3679 -6.8076 1.5000 0.0000 1.5000 -125.0000 180.0000 -90.0000
1789257255484 -0.0050 -0.1185 0.5081 30.0000 1.3679 -4.8054 1.5000 0.0000 1.5000 -125.0000 180.0000 -90.0000
1789257260556 -0.0015 -0.0837 0.5090 30.0000 1.3679 -2.8031 1.5000 0.0000 1.5000 -125.0000 180.0000 -90.0000
1789257265673 0.0009 -0.0487 0.5098 30.0000 1.3679 -0.8009 1.5000 0.0000 1.5000 -125.0000 180.0000 -90.0000
1789257270736 0.0019 -0.0137 0.5106 30.0000 1.3679 1.2014 1.5000 0.0000 1.5000 -125.0000 180.0000 -90.0000
1789257275901 0.0018 0.0213 0.5115 30.0000 1.3679 3.2035 1.5000 0.0000 1.5000 -125.0000 180.0000 -90.0000
1789257280987 0.0005 0.0563 0.5123 30.0000 1.3679 5.2058 1.5000 0.0000 1.5000 -125.0000 180.0000 -90.0000
1789257286148 -0.0021 0.0912 0.5131 30.0000 1.3679 7.2080 1.5000 0.0000 1.5000 -125.0000 180.0000 -90.0000
1789257291233 -0.0059 0.1260 0.5140 30.0000 1.3679 9.2103 1.5000 0.0000 1.5000 -125.0000 180.0000 -90.0000
1789257296300 -0.0109 0.1607 0.5148 30.0000 1.3679 11.2124 1.5000 0.0000 1.5000 -125.0000 180.0000 -90.0000
1789257301424 -0.0171 0.1951 0.5157 30.0000 1.3679 13.2147 1.5000 0.0000 1.5000 -125.0000 180.0000 -90.0000
1789257306550 -0.0246 0.2293 0.5165 30.0000 1.3679 15.2169 1.5000 0.0000 1.5000 -125.0000 180.0000 -90.0000
1789257311642 -0.0332 0.2633 0.5173 30.0000 1.3679 17.2192 1.5000 0.0000 1.5000 -125.0000 180.0000 -90.0000
1789257316736 -0.0430 0.2969 0.5182 30.0000 1.3679 19.2214 1.5000 0.0000 1.5000 -125.0000 180.0000 -90.0000
1789257321819 -0.0539 0.3301 0.5190 30.0000 1.3679 21.2235 1.5000 0.0000 1.5000 -125.0000 180.0000 -90.0000
1789257326911 -0.0660 0.3630 0.5198 30.0000 1.3679 23.2258 1.5000 0.0000 1.5000 -125.0000 180.0000 -90.0000
1789257332030 -0.0793 0.3954 0.5207 30.0000 1.3679 25.2280 1.5000 0.0000 1.5000 -125.0000 180.0000 -90.0000
1789257337134 -0.0937 0.4273 0.5215 30.0000 1.3679 27.2303 1.5000 0.0000 1.5000 -125.0000 180.0000 -90.0000
1789257342202 -0.1091 0.4587 0.5223 30.0000 1.3679 29.2324 1.5000 0.0000 1.5000 -125.0000 180.0000 -90.0000
1789257347331 -0.1257 0.4896 0.5232 30.0000 1.3679 31.2347 1.5000 0.0000 1.5000 -125.0000 180.0000 -90.0000
1789257352417 -0.1433 0.5198 0.5240 30.0000 1.3679 33.2369 1.5000 0.0000 1.5000 -125.0000 180.0000 -90.0000
1789257357490 -0.1620 0.5494 0.5248 30.0000 1.3679 35.2392 1.5000 0.0000 1.5000 -125.0000 180.0000 -90.0000
1789257362601 -0.1817 0.5784 0.5257 30.0000 1.3679 37.2414 1.5000 0.0000 1.5000 -125.0000 180.0000 -90.0000
1789257367744 -0.2025 0.6066 0.5265 30.0000 1.3679 39.2436 1.5000 0.0000 1.5000 -125.0000 180.0000 -90.0000
1789257372836 -0.2241 0.6341 0.5273 30.0000 1.3679 41.2458 1.5000 0.0000 1.5000 -125.0000 180.0000 -90.0000
1789257377926 -0.2468 0.6608 0.5282 30.0000 1.3679 43.2481 1.5000 0.0000 1.5000 -125.0000 180.0000 -90.0000
1789257382980 -0.2703 0.6868 0.5290 30.0000 1.3679 45.2503 1.5000 0.0000 1.5000 -125.0000 180.0000 -90.0000
1789257388057 -0.2947 0.7118 0.5298 30.0000 1.3679 47.2525 1.5000 0.0000 1.5000 -125.0000 180.0000 -90.0000
1789257393159 -0.3200 0.7360 0.5307 30.0000 1.3679 49.2547 1.5000 0.0000 1.5000 -125.0000 180.0000 -90.0000
1789257398272 -0.3462 0.7593 0.5315 30.0000 1.3679 51.2569 1.5000 0.0000 1.5000 -125.0000 180.0000 -90.0000
1789257403354 -0.3731 0.7817 0.5323 30.0000 1.3679 53.2592 1.5000 0.0000 1.5000 -125.0000 180.0000 -90.0000
1789257408479 -0.4008 0.8031 0.5332 30.0000 1.3679 55.2614 1.5000 0.0000 1.5000 -125.0000 180.0000 -90.0000
1789257413574 -0.4292 0.8236 0.5340 30.0000 1.3679 57.2637 1.5000 0.0000 1.5000 -125.0000 180.0000 -90.0000
1789257418681 -0.4584 0.8430 0.5348 30.0000 1.3679 59.2658 1.5000 0.0000 1.5000 -125.0000 180.0000 -90.0000
1789257423775 -0.4881 0.8614 0.5357 30.0000 1.3679 61.2681 1.5000 0.0000 1.5000 -125.0000 180.0000 -90.0000
1789257428869 -0.5185 0.8788 0.5365 30.0000 1.3679 63.2703 1.5000 0.0000 1.5000 -125.0000 180.0000 -90.0000
1789257433978 -0.5495 0.8951 0.5373 30.0000 1.3679 65.2726 1.5000 0.0000 1.5000 -125.0000 180.0000 -90.0000
1789257439069 -0.5811 0.9103 0.5382 30.0000 1.3679 67.2747 1.5000 0.0000 1.5000 -125.0000 180.0000 -90.0000
1789257444144 -0.6132 0.9244 0.5390 30.0000 1.3679 69.2770 1.5000 0.0000 1.5000 -125.0000 180.0000 -90.0000
1789257449235 -0.6457 0.9373 0.5398 30.0000 1.3679 71.2792 1.5000 0.0000 1.5000 -125.0000 180.0000 -90.0000
1789257454309 -0.6786 0.9491 0.5407 30.0000 1.3679 73.2814 1.5000 0.0000 1.5000 -125.0000 180.0000 -90.0000
1789257459421 -0.7120 0.9598 0.5415 30.0000 1.3679 75.2837 1.5000 0.0000 1.5000 -125.0000 180.0000 -90.0000
1789257464557 -0.7457 0.9692 0.5423 30.0000 1.3679 77.2858 1.5000 0.0000 1.5000 -125.0000 180.0000 -90.0000
1789257469644 -0.7797 0.9775 0.5432 30.0000 1.3679 79.2881 1.5000 0.0000 1.5000 -125.0000 180.0000 -90.0000
1789257474733 -0.8140 0.9846 0.5440 30.0000 1.3679 81.2903 1.5000 0.0000 1.5000 -125.0000 180.0000 -90.0000
1789257479794 -0.8485 0.9905 0.5448 30.0000 1.3679 83.2926 1.5000 0.0000 1.5000 -125.0000 180.0000 -90.0000
1789257484896 -0.8832 0.9952 0.5457 30.0000 1.3679 85.2947 1.5000 0.0000 1.5000 -125.0000 180.0000 -90.0000
1789257489963 -0.9181 0.9987 0.5465 30.0000 1.3679 87.2970 1.5000 0.0000 1.5000 -125.0000 180.0000 -90.0000
1789257495045 -0.9530 1.0009 0.5474 30.0000 1.3679 89.2992 1.5000 0.0000 1.5000 -125.0000 180.0000 -90.0000
1789257500144 -0.9880 1.0020 0.5482 30.0000 1.3679 91.3015 1.5000 0.0000 1.5000 -125.0000 180.0000 -90.0000
1789257505232 -1.0230 1.0018 0.5490 30.0000 1.3679 93.3037 1.5000 0.0000 1.5000 -125.0000 180.0000 -90.0000
1789257510307 -1.0580 1.0004 0.5499 30.0000 1.3679 95.3059 1.5000 0.0000 1.5000 -125.0000 180.0000 -90.0000
1789257515414 -1.0929 0.9977 0.5507 30.0000 1.3679 97.3081 1.5000 0.0000 1.5000 -125.0000 180.0000 -90.0000
1789257520517 -1.1277 0.9939 0.5515 30.0000 1.3679 99.3103 1.5000 0.0000 1.5000 -125.0000 180.0000 -90.0000
1789257525600 -1.1624 0.9888 0.5524 30.0000 1.3679 101.3126 1.5000 0.0000 1.5000 -125.0000 180.0000 -90.0000
1789257530670 -1.1968 0.9825 0.5532 30.0000 1.3679 103.3148 1.5000 0.0000 1.5000 -125.0000 180.0000 -90.0000
1789257535771 -1.2310 0.9750 0.5540 30.0000 1.3679 105.3170 1.5000 0.0000 1.5000 -125.0000 180.0000 -90.0000
1789257540864 -1.2650 0.9664 0.5549 30.0000 1.3679 107.3192 1.5000 0.0000 1.5000 -125.0000 180.0000 -90.0000
1789257545922 -1.2986 0.9565 0.5557 30.0000 1.3679 109.3215 1.5000 0.0000 1.5000 -125.0000 180.0000 -90.0000
1789257550983 -1.3318 0.9455 0.5565 30.0000 1.3679 111.3237 1.5000 0.0000 1.5000 -125.0000 180.0000 -90.0000
1789257556063 -1.3646 0.9333 0.5574 30.0000 1.3679 113.3260 1.5000 0.0000 1.5000 -125.0000 180.0000 -90.0000
1789257561130 -1.3970 0.9200 0.5582 30.0000 1.3679 115.3281 1.5000 0.0000 1.5000 -125.0000 180.0000 -90.0000
1789257566238 -1.4289 0.9056 0.5590 30.0000 1.3679 117.3304 1.5000 0.0000 1.5000 -125.0000 180.0000 -90.0000
1789257571301 -1.4603 0.8901 0.5599 30.0000 1.3679 119.3326 1.5000 0.0000 1.5000 -125.0000 180.0000 -90.0000
1789257576375 -1.4911 0.8734 0.5607 30.0000 1.3679 121.3349 1.5000 0.0000 1.5000 -125.0000 180.0000 -90.0000
1789257581456 -1.5213 0.8557 0.5615 30.0000 1.3679 123.3370 1.5000 0.0000 1.5000 -125.0000 180.0000 -90.0000
1789257586562 -1.5509 0.8370 0.5624 30.0000 1.3679 125.3392 1.5000 0.0000 1.5000 -125.0000 180.0000 -90.0000
1789257591638 -1.5798 0.8172 0.5632 30.0000 1.3679 127.3415 1.5000 0.0000 1.5000 -125.0000 180.0000 -90.0000
1789257596699 -1.6080 0.7965 0.5640 30.0000 1.3679 129.3437 1.5000 0.0000 1.5000 -125.0000 180.0000 -90.0000
1789257601773 -1.6355 0.7748 0.5649 30.0000 1.3679 131.3460 1.5000 0.0000 1.5000 -125.0000 180.0000 -90.0000
1789257606882 -1.6622 0.7521 0.5657 30.0000 1.3679 133.3481 1.5000 0.0000 1.5000 -125.0000 180.0000 -90.0000
1789257611950 -1.6880 0.7285 0.5665 30.0000 1.3679 135.3504 1.5000 0.0000 1.5000 -125.0000 180.0000 -90.0000
1789257617022 -1.7131 0.7040 0.5674 30.0000 1.3679 137.3526 1.5000 0.0000 1.5000 -125.0000 180.0000 -90.0000
1789257622129 -1.7372 0.6787 0.5682 30.0000 1.3679 139.3549 1.5000 0.0000 1.5000 -125.0000 180.0000 -90.0000
1789257627219 -1.7605 0.6525 0.5690 30.0000 1.3679 141.3570 1.5000 0.0000 1.5000 -125.0000 180.0000 -90.0000
1789257632371 -1.7828 0.6255 0.5699 30.0000 1.3679 143.3593 1.5000 0.0000 1.5000 -125.0000 180.0000 -90.0000
1789257637454 -1.8042 0.5978 0.5707 30.0000 1.3679 145.3615 1.5000 0.0000 1.5000 -125.0000 180.0000 -90.0000
1789257642511 -1.8246 0.5693 0.5715 30.0000 1.3679 147.3637 1.5000 0.0000 1.5000 -125.0000 180.0000 -90.0000
1789257647615 -1.8440 0.5402 0.5724 30.0000 1.3679 149.3660 1.5000 0.0000 1.5000 -125.0000 180.0000 -90.0000
1789257652676 -1.8623 0.5104 0.5732 30.0000 1.3679 151.3681 1.5000 0.0000 1.5000 -125.0000 180.0000 -90.0000
1789257657750 -1.8796 0.4799 0.5740 30.0000 1.3679 153.3704 1.5000 0.0000 1.5000 -125.0000 180.0000 -90.0000
1789257662824 -1.8959 0.4489 0.5749 30.0000 1.3679 155.3726 1.5000 0.0000 1.5000 -125.0000 180.0000 -90.0000
1789257667910 -1.9110 0.4173 0.5757 30.0000 1.3679 157.3749 1.5000 0.0000 1.5000 -125.0000 180.0000 -90.0000
1789257673013 -1.9250 0.3852 0.5766 30.0000 1.3679 159.3771 1.5000 0.0000 1.5000 -125.0000 180.0000 -90.0000
1789257678119 -1.9379 0.3527 0.5774 30.0000 1.3679 161.3793 1.5000 0.0000 1.5000 -125.0000 180.0000 -90.0000
1789257683182 -1.9497 0.3197 0.5782 30.0000 1.3679 163.3815 1.5000 0.0000 1.5000 -125.0000 180.0000 -90.0000
1789257688235 -1.9603 0.2863 0.5791 30.0000 1.3679 165.3838 1.5000 0.0000 1.5000 -125.0000 180.0000 -90.0000
1789257693371 -1.9697 0.2526 0.5799 30.0000 1.3679 167.3860 1.5000 0.0000 1.5000 -125.0000 180.0000 -90.0000
1789257698461 -1.9779 0.2186 0.5807 30.0000 1.3679 169.3883 1.5000 0.0000 1.5000 -125.0000 180.0000 -90.0000
1789257703534 -1.9850 0.1843 0.5816 30.0000 1.3679 171.3904 1.5000 0.0000 1.5000 -125.0000 180.0000 -90.0000
1789257708645 -1.9908 0.1497 0.5824 30.0000 1.3679 173.3926 1.5000 0.0000 1.5000 -125.0000 180.0000 -90.0000
1789257713743 -1.9954 0.1150 0.5832 30.0000 1.3679 175.3949 1.5000 0.0000 1.5000 -125.0000 180.0000 -90.0000
1789257718796 -1.9988 0.0802 0.5841 30.0000 1.3679 177.3971 1.5000 0.0000 1.5000 -125.0000 180.0000 -90.0000
1789257723881 -2.0010 0.0452 0.5849 30.0000 1.3679 179.3993 1.5000 0.0000 1.5000 -125.0000 180.0000 -90.0000
1789257728962 -2.0020 0.0102 0.5857 30.0000 1.3679 -178.5985 1.5000 0.0000 1.5000 -125.0000 180.0000 -90.0000
1789257734033 -2.0017 -0.0248 0.5866 30.0000 1.3679 -176.5962 1.5000 0.0000 1.5000 -125.0000 180.0000 -90.0000
1789257739120 -2.0003 -0.0598 0.5874 30.0000 1.3679 -174.5940 1.5000 0.0000 1.5000 -125.0000 180.0000 -90.0000
1789257744212 -1.9976 -0.0947 0.5882 30.0000 1.3679 -172.5917 1.5000 0.0000 1.5000 -125.0000 180.0000 -90.0000
1789257749294 -1.9936 -0.1295 0.5891 30.0000 1.3679 -170.5896 1.5000 0.0000 1.5000 -125.0000 180.0000 -90.0000
1789257754396 -1.9885 -0.1641 0.5899 30.0000 1.3679 -168.5873 1.5000 0.0000 1.5000 -125.0000 180.0000 -90.0000
1789257759507 -1.9822 -0.1985 0.5907 30.0000 1.3679 -166.5851 1.5000 0.0000 1.5000 -125.0000 180.0000 -90.0000
1789257764599 -1.9746 -0.2327 0.5916 30.0000 1.3679 -164.5828 1.5000 0.0000 1.5000 -125.0000 180.0000 -90.0000
1789257769677 -1.9659 -0.2667 0.5924 30.0000 1.3679 -162.5806 1.5000 0.0000 1.5000 -125.0000 180.0000 -90.0000
1789257774770 -1.9560 -0.3002 0.5932 30.0000 1.3679 -160.5785 1.5000 0.0000 1.5000 -125.0000 180.0000 -90.0000
1789257779847 -1.9449 -0.3335 0.5941 30.0000 1.3679 -158.5762 1.5000 0.0000 1.5000 -125.0000 180.0000 -90.0000
1789257784935 -1.9327 -0.3663 0.5949 30.0000 1.3679 -156.5740 1.5000 0.0000 1.5000 -125.0000 180.0000 -90.0000
1789257790010 -1.9193 -0.3986 0.5957 30.0000 1.3679 -154.5717 1.5000 0.0000 1.5000 -125.0000 180.0000 -90.0000
1789257795090 -1.9048 -0.4305 0.5966 30.0000 1.3679 -152.5696 1.5000 0.0000 1.5000 -125.0000 180.0000 -90.0000
1789257800184 -1.8893 -0.4619 0.5974 30.0000 1.3679 -150.5673 1.5000 0.0000 1.5000 -125.0000 180.0000 -90.0000
1789257805275 -1.8726 -0.4926 0.5982 30.0000 1.3679 -148.5651 1.5000 0.0000 1.5000 -125.0000 180.0000 -90.0000
1789257810337 -1.8548 -0.5228 0.5991 30.0000 1.3679 -146.5628 1.5000 0.0000 1.5000 -125.0000 180.0000 -90.0000
1789257815399 -1.8360 -0.5524 0.5999 30.0000 1.3679 -144.5606 1.5000 0.0000 1.5000 -125.0000 180.0000 -90.0000
1789257820525 -1.8162 -0.5812 0.6007 30.0000 1.3679 -142.5584 1.5000 0.0000 1.5000 -125.0000 180.0000 -90.0000
1789257825658 -1.7954 -0.6094 0.6016 30.0000 1.3679 -140.5562 1.5000 0.0000 1.5000 -125.0000 180.0000 -90.0000
1789257830747 -1.7736 -0.6368 0.6024 30.0000 1.3679 -138.5539 1.5000 0.0000 1.5000 -125.0000 180.0000 -90.0000
1789257835820 -1.7509 -0.6635 0.6032 30.0000 1.3679 -136.5517 1.5000 0.0000 1.5000 -125.0000 180.0000 -90.0000
1789257840905 -1.7273 -0.6893 0.6041 30.0000 1.3679 -134.5495 1.5000 0.0000 1.5000 -125.0000 180.0000 -90.0000
1789257846003 -1.7028 -0.7143 0.6049 30.0000 1.3679 -132.5473 1.5000 0.0000 1.5000 -125.0000 180.0000 -90.0000
1789257851072 -1.6774 -0.7384 0.6058 30.0000 1.3679 -130.5451 1.5000 0.0000 1.5000 -125.0000 180.0000 -90.0000
1789257856154 -1.6512 -0.7616 0.6066 30.0000 1.3679 -128.5428 1.5000 0.0000 1.5000 -125.0000 180.0000 -90.0000
1789257861221 -1.6242 -0.7839 0.6074 30.0000 1.3679 -126.5406 1.5000 0.0000 1.5000 -125.0000 180.0000 -90.0000
1789257866324 -1.5964 -0.8052 0.6083 30.0000 1.3679 -124.5383 1.5000 0.0000 1.5000 -125.0000 180.0000 -90.0000
1789257871370 -1.5679 -0.8256 0.6091 30.0000 1.3679 -122.5362 1.5000 0.0000 1.5000 -125.0000 180.0000 -90.0000
1789257876447 -1.5387 -0.8449 0.6099 30.0000 1.3679 -120.5339 1.5000 0.0000 1.5000 -125.0000 180.0000 -90.0000
1789257881527 -1.5088 -0.8632 0.6108 30.0000 1.3679 -118.5317 1.5000 0.0000 1.5000 -125.0000 180.0000 -90.0000
1789257886662 -1.4784 -0.8805 0.6116 30.0000 1.3679 -116.5294 1.5000 0.0000 1.5000 -125.0000 180.0000 -90.0000
1789257891777 -1.4473 -0.8967 0.6124 30.0000 1.3679 -114.5273 1.5000 0.0000 1.5000 -125.0000 180.0000 -90.0000
1789257896841 -1.4157 -0.9117 0.6133 30.0000 1.3679 -112.5250 1.5000 0.0000 1.5000 -125.0000 180.0000 -90.0000
1789257901949 -1.3836 -0.9257 0.6141 30.0000 1.3679 -110.5228 1.5000 0.0000 1.5000 -125.0000 180.0000 -90.0000
1789257907040 -1.3510 -0.9385 0.6149 30.0000 1.3679 -108.5206 1.5000 0.0000 1.5000 -125.0000 180.0000 -90.0000
1789257912117 -1.3180 -0.9502 0.6158 30.0000 1.3679 -106.5183 1.5000 0.0000 1.5000 -125.0000 180.0000 -90.0000
1789257917197 -1.2846 -0.9608 0.6166 30.0000 1.3679 -104.5162 1.5000 0.0000 1.5000 -125.0000 180.0000 -90.0000
1789257922266 -1.2509 -0.9701 0.6174 30.0000 1.3679 -102.5139 1.5000 0.0000 1.5000 -125.0000 180.0000 -90.0000
1789257927334 -1.2168 -0.9783 0.6183 30.0000 1.3679 -100.5117 1.5000 0.0000 1.5000 -125.0000 180.0000 -90.0000
1789257932417 -1.1825 -0.9853 0.6191 30.0000 1.3679 -98.5094 1.5000 0.0000 1.5000 -125.0000 180.0000 -90.0000
1789257937488 -1.1480 -0.9910 0.6199 30.0000 1.3679 -96.5073 1.5000 0.0000 1.5000 -125.0000 180.0000 -90.0000
1789257942592 -1.1133 -0.9956 0.6208 30.0000 1.3679 -94.5050 1.5000 0.0000 1.5000 -125.0000 180.0000 -90.0000
1789257947711 -1.0784 -0.9990 0.6216 30.0000 1.3679 -92.5028 1.5000 0.0000 1.5000 -125.0000 180.0000 -90.0000
1789257952822 -1.0435 -1.0011 0.6224 30.0000 1.3679 -90.5005 1.5000 0.0000 1.5000 -125.0000 180.0000 -90.0000
1789257957899 -1.0085 -1.0020 0.6233 30.0000 1.3679 -88.4983 1.5000 0.0000 1.5000 -125.0000 180.0000 -90.0000
1789257962969 -0.9735 -1.0017 0.6241 30.0000 1.3679 -86.4961 1.5000 0.0000 1.5000 -125.0000 180.0000 -90.0000
1789257968066 -0.9385 -1.0001 0.6249 30.0000 1.3679 -84.4939 1.5000 0.0000 1.5000 -125.0000 180.0000 -90.0000
1789257973147 -0.9036 -0.9974 0.6258 30.0000 1.3679 -82.4917 1.5000 0.0000 1.5000 -125.0000 180.0000 -90.0000
1789257978206 -0.8688 -0.9934 0.6266 30.0000 1.3679 -80.4894 1.5000 0.0000 1.5000 -125.0000 180.0000 -90.0000
1789257983307 -0.8342 -0.9882 0.6274 30.0000 1.3679 -78.4872 1.5000 0.0000 1.5000 -125.0000 180.0000 -90.0000
1789257988371 -0.7997 -0.9818 0.6283 30.0000 1.3679 -76.4850 1.5000 0.0000 1.5000 -125.0000 180.0000 -90.0000
1789257993451 -0.7656 -0.9742 0.6291 30.0000 1.3679 -74.4828 1.5000 0.0000 1.5000 -125.0000 180.0000 -90.0000
1789257998509 -0.7317 -0.9654 0.6299 30.0000 1.3679 -72.4805 1.5000 0.0000 1.5000 -125.0000 180.0000 -90.0000
1789258003610 -0.6981 -0.9555 0.6308 30.0000 1.3679 -70.4783 1.5000 0.0000 1.5000 -125.0000 180.0000 -90.0000
1789258008689 -0.6649 -0.9443 0.6316 30.0000 1.3679 -68.4760 1.5000 0.0000 1.5000 -125.0000 180.0000 -90.0000
1789258013790 -0.6321 -0.9321 0.6324 30.0000 1.3679 -66.4739 1.5000 0.0000 1.5000 -125.0000 180.0000 -90.0000
1789258018890 -0.5998 -0.9186 0.6333 30.0000 1.3679 -64.4716 1.5000 0.0000 1.5000 -125.0000 180.0000 -90.0000
1789258023986 -0.5679 -0.9041 0.6341 30.0000 1.3679 -62.4694 1.5000 0.0000 1.5000 -125.0000 180.0000 -90.0000
1789258029048 -0.5366 -0.8884 0.6350 30.0000 1.3679 -60.4671 1.5000 0.0000 1.5000 -125.0000 180.0000 -90.0000
1789258034131 -0.5058 -0.8717 0.6358 30.0000 1.3679 -58.4650 1.5000 0.0000 1.5000 -125.0000 180.0000 -90.0000
1789258039217 -0.4757 -0.8539 0.6366 30.0000 1.3679 -56.4628 1.5000 0.0000 1.5000 -125.0000 180.0000 -90.0000
1789258044279 -0.4462 -0.8351 0.6375 30.0000 1.3679 -54.4605 1.5000 0.0000 1.5000 -125.0000 180.0000 -90.0000
1789258049336 -0.4173 -0.8152 0.6383 30.0000 1.3679 -52.4583 1.5000 0.0000 1.5000 -125.0000 180.0000 -90.0000
1789258054403 -0.3892 -0.7944 0.6391 30.0000 1.3679 -50.4560 1.5000 0.0000 1.5000 -125.0000 180.0000 -90.0000
1789258059475 -0.3618 -0.7725 0.6400 30.0000 1.3679 -48.4539 1.5000 0.0000 1.5000 -125.0000 180.0000 -90.0000
1789258064586 -0.3352 -0.7498 0.6408 30.0000 1.3679 -46.4516 1.5000 0.0000 1.5000 -125.0000 180.0000 -90.0000
1789258069672 -0.3094 -0.7261 0.6416 30.0000 1.3679 -44.4494 1.5000 0.0000 1.5000 -125.0000 180.0000 -90.0000
1789258074748 -0.2845 -0.7015 0.6425 30.0000 1.3679 -42.4471 1.5000 0.0000 1.5000 -125.0000 180.0000 -90.0000
1789258079853 -0.2604 -0.6761 0.6433 30.0000 1.3679 -40.4450 1.5000 0.0000 1.5000 -125.0000 180.0000 -90.0000
1789258084967 -0.2372 -0.6498 0.6441 30.0000 1.3679 -38.4427 1.5000 0.0000 1.5000 -125.0000 180.0000 -90.0000
1789258090039 -0.2150 -0.6228 0.6450 30.0000 1.3679 -36.4405 1.5000 0.0000 1.5000 -125.0000 180.0000 -90.0000
1789258095109 -0.1937 -0.5950 0.6458 30.0000 1.3679 -34.4382 1.5000 0.0000 1.5000 -125.0000 180.0000 -90.0000
1789258100222 -0.1734 -0.5664 0.6466 30.0000 1.3679 -32.4360 1.5000 0.0000 1.5000 -125.0000 180.0000 -90.0000
1789258105325 -0.1541 -0.5372 0.6475 30.0000 1.3679 -30.4339 1.5000 0.0000 1.5000 -125.0000 180.0000 -90.0000
1789258110399 -0.1359 -0.5073 0.6483 30.0000 1.3679 -28.4316 1.5000 0.0000 1.5000 -125.0000 180.0000 -90.0000
1789258115452 -0.1187 -0.4768 0.6491 30.0000 1.3679 -26.4294 1.5000 0.0000 1.5000 -125.0000 180.0000 -90.0000
1789258120516 -0.1026 -0.4458 0.6500 30.0000 1.3679 -24.4271 1.5000 0.0000 1.5000 -125.0000 180.0000 -90.0000
1789258125636 -0.0875 -0.4141 0.6508 30.0000 1.3679 -22.4249 1.5000 0.0000 1.5000 -125.0000 180.0000 -90.0000
1789258130713 -0.0736 -0.3820 0.6516 30.0000 1.3679 -20.4227 1.5000 0.0000 1.5000 -125.0000 180.0000 -90.0000
1789258135797 -0.0608 -0.3494 0.6525 30.0000 1.3679 -18.4205 1.5000 0.0000 1.5000 -125.0000 180.0000 -90.0000
1789258140861 -0.0492 -0.3164 0.6533 30.0000 1.3679 -16.4182 1.5000 0.0000 1.5000 -125.0000 180.0000 -90.0000
1789258145960 -0.0387 -0.2830 0.6541 30.0000 1.3679 -14.4160 1.5000 0.0000 1.5000 -125.0000 180.0000 -90.0000
1789258151068 -0.0294 -0.2492 0.6550 30.0000 1.3679 -12.4137 1.5000 0.0000 1.5000 -125.0000 180.0000 -90.0000
1789258156121 -0.0213 -0.2151 0.6558 30.0000 1.3679 -10.4116 1.5000 0.0000 1.5000 -125.0000 180.0000 -90.0000
1789258161247 -0.0144 -0.1808 0.6566 30.0000 1.3679 -8.4094 1.5000 0.0000 1.5000 -125.0000 180.0000 -90.0000
1789258166334 -0.0087 -0.1463 0.6575 30.0000 1.3679 -6.4071 1.5000 0.0000 1.5000 -125.0000 180.0000 -90.0000
1789258171396 -0.0042 -0.1115 0.6583 30.0000 1.3679 -4.4049 1.5000 0.0000 1.5000 -125.0000 180.0000 -90.0000
1789258176478 -0.0009 -0.0767 0.6591 30.0000 1.3679 -2.4027 1.5000 0.0000 1.5000 -125.0000 180.0000 -90.0000
1789258181586 0.0012 -0.0417 0.6600 30.0000 1.3679 -0.4005 1.5000 0.0000 1.5000 -125.0000 180.0000 -90.0000
1789258186708 0.0020 -0.0067 0.6608 30.0000 1.3679 1.6018 1.5000 0.0000 1.5000 -125.0000 180.0000 -90.0000
1789258191807 0.0016 0.0283 0.6616 30.0000 1.3679 3.6040 1.5000 0.0000 1.5000 -125.0000 180.0000 -90.0000
1789258196901 0.0000 0.0633 0.6625 30.0000 1.3679 5.6063 1.5000 0.0000 1.5000 -125.0000 180.0000 -90.0000
1789258201995 -0.0028 0.0982 0.6633 30.0000 1.3679 7.6084 1.5000 0.0000 1.5000 -125.0000 180.0000 -90.0000
1789258207076 -0.0068 0.1329 0.6641 30.0000 1.3679 9.6107 1.5000 0.0000 1.5000 -125.0000 180.0000 -90.0000
1789258212198 -0.0121 0.1676 0.6650 30.0000 1.3679 11.6129 1.5000 0.0000 1.5000 -125.0000 180.0000 -90.0000
1789258217325 -0.0185 0.2020 0.6658 30.0000 1.3679 13.6152 1.5000 0.0000 1.5000 -125.0000 180.0000 -90.0000
1789258222430 -0.0262 0.2361 0.6667 30.0000 1.3679 15.6174 1.5000 0.0000 1.5000 -125.0000 180.0000 -90.0000
1789258227524 -0.0350 0.2700 0.6675 30.0000 1.3679 17.6195 1.5000 0.0000 1.5000 -125.0000 180.0000 -90.0000
1789258232625 -0.0451 0.3036 0.6683 30.0000 1.3679 19.6218 1.5000 0.0000 1.5000 -125.0000 180.0000 -90.0000
1789258237714 -0.0562 0.3368 0.6692 30.0000 1.3679 21.6240 1.5000 0.0000 1.5000 -125.0000 180.0000 -90.0000
1789258242798 -0.0686 0.3695 0.6700 30.0000 1.3679 23.6263 1.5000 0.0000 1.5000 -125.0000 180.0000 -90.0000
1789258247887 -0.0821 0.4018 0.6708 30.0000 1.3679 25.6284 1.5000 0.0000 1.5000 -125.0000 180.0000 -90.0000
1789258252982 -0.0967 0.4337 0.6717 30.0000 1.3679 27.6307 1.5000 0.0000 1.5000 -125.0000 180.0000 -90.0000
1789258258048 -0.1124 0.4650 0.6725 30.0000 1.3679 29.6329 1.5000 0.0000 1.5000 -125.0000 180.0000 -90.0000
1789258263130 -0.1292 0.4957 0.6733 30.0000 1.3679 31.6352 1.5000 0.0000 1.5000 -125.0000 180.0000 -90.0000
1789258268200 -0.1470 0.5258 0.6742 30.0000 1.3679 33.6374 1.5000 0.0000 1.5000 -125.0000 180.0000 -90.0000
1789258273289 -0.1659 0.5553 0.6750 30.0000 1.3679 35.6396 1.5000 0.0000 1.5000 -125.0000 180.0000 -90.0000
1789258278392 -0.1858 0.5841 0.6758 30.0000 1.3679 37.6418 1.5000 0.0000 1.5000 -125.0000 180.0000 -90.0000
1789258283488 -0.2067 0.6122 0.6767 30.0000 1.3679 39.6441 1.5000 0.0000 1.5000 -125.0000 180.0000 -90.0000
1789258288643 -0.2286 0.6395 0.6775 30.0000 1.3679 41.6463 1.5000 0.0000 1.5000 -125.0000 180.0000 -90.0000
1789258293735 -0.2514 0.6661 0.6783 30.0000 1.3679 43.6484 1.5000 0.0000 1.5000 -125.0000 180.0000 -90.0000
1789258298810 -0.2751 0.6918 0.6792 30.0000 1.3679 45.6507 1.5000 0.0000 1.5000 -125.0000 180.0000 -90.0000
1789258303911 -0.2997 0.7167 0.6800 30.0000 1.3679 47.6529 1.5000 0.0000 1.5000 -125.0000 180.0000 -90.0000
1789258309014 -0.3252 0.7408 0.6808 30.0000 1.3679 49.6552 1.5000 0.0000 1.5000 -125.0000 180.0000 -90.0000
1789258314094 -0.3515 0.7639 0.6817 30.0000 1.3679 51.6574 1.5000 0.0000 1.5000 -125.0000 180.0000 -90.0000
1789258319155 -0.3786 0.7861 0.6825 30.0000 1.3679 53.6596 1.5000 0.0000 1.5000 -125.0000 180.0000 -90.0000
1789258324245 -0.4064 0.8073 0.6833 30.0000 1.3679 55.6618 1.5000 0.0000 1.5000 -125.0000 180.0000 -90.0000
1789258329305 -0.4350 0.8276 0.6842 30.0000 1.3679 57.6641 1.5000 0.0000 1.5000 -125.0000 180.0000 -90.0000
1789258334404 -0.4643 0.8468 0.6850 30.0000 1.3679 59.6663 1.5000 0.0000 1.5000 -125.0000 180.0000 -90.0000
1789258339512 -0.4942 0.8650 0.6858 30.0000 1.3679 61.6686 1.5000 0.0000 1.5000 -125.0000 180.0000 -90.0000
1789258344625 -0.5247 0.8821 0.6867 30.0000 1.3679 63.6707 1.5000 0.0000 1.5000 -125.0000 180.0000 -90.0000
1789258349692 -0.5558 0.8982 0.6875 30.0000 1.3679 65.6730 1.5000 0.0000 1.5000 -125.0000 180.0000 -90.0000
1789258354755 -0.5875 0.9132 0.6883 30.0000 1.3679 67.6752 1.5000 0.0000 1.5000 -125.0000 180.0000 -90.0000
1789258359842 -0.6196 0.9270 0.6892 30.0000 1.3679 69.6774 1.5000 0.0000 1.5000 -125.0000 180.0000 -90.0000
1789258364925 -0.6522 0.9398 0.6900 30.0000 1.3679 71.6797 1.5000 0.0000 1.5000 -125.0000 180.0000 -90.0000
1789258369988 -0.6853 0.9513 0.6908 30.0000 1.3679 73.6818 1.5000 0.0000 1.5000 -125.0000 180.0000 -90.0000
1789258375055 -0.7187 0.9617 0.6917 30.0000 1.3679 75.6841 1.5000 0.0000 1.5000 -125.0000 180.0000 -90.0000
1789258380136 -0.7525 0.9710 0.6925 30.0000 1.3679 77.6863 1.5000 0.0000 1.5000 -125.0000 180.0000 -90.0000
1789258385226 -0.7866 0.9790 0.6933 30.0000 1.3679 79.6886 1.5000 0.0000 1.5000 -125.0000 180.0000 -90.0000
1789258390313 -0.8209 0.9859 0.6942 30.0000 1.3679 81.6907 1.5000 0.0000 1.5000 -125.0000 180.0000 -90.0000
1789258395402 -0.8555 0.9916 0.6950 30.0000 1.3679 83.6930 1.5000 0.0000 1.5000 -125.0000 180.0000 -90.0000
1789258400477 -0.8902 0.9960 0.6959 30.0000 1.3679 85.6952 1.5000 0.0000 1.5000 -125.0000 180.0000 -90.0000
1789258405542 -0.9251 0.9992 0.6967 30.0000 1.3679 87.6975 1.5000 0.0000 1.5000 -125.0000 180.0000 -90.0000
1789258410625 -0.9600 1.0012 0.6975 30.0000 1.3679 89.6997 1.5000 0.0000 1.5000 -125.0000 180.0000 -90.0000
1789258415725 -0.9950 1.0020 0.6984 30.0000 1.3679 91.7019 1.5000 0.0000 1.5000 -125.0000 180.0000 -90.0000
1789258420809 -1.0300 1.0016 0.6992 30.0000 1.3679 93.7041 1.5000 0.0000 1.5000 -125.0000 180.0000 -90.0000
1789258425905 -1.0650 0.9999 0.7000 30.0000 1.3679 95.7063 1.5000 0.0000 1.5000 -125.0000 180.0000 -90.0000
1789258430971 -1.0999 0.9970 0.7009 30.0000 1.3679 97.7086 1.5000 0.0000 1.5000 -125.0000 180.0000 -90.0000
1789258436093 -1.1347 0.9929 0.7017 30.0000 1.3679 99.7107 1.5000 0.0000 1.5000 -125.0000 180.0000 -90.0000
1789258441180 -1.1693 0.9876 0.7025 30.0000 1.3679 101.7130 1.5000 0.0000 1.5000 -125.0000 180.0000 -90.0000
1789258446276 -1.2037 0.9811 0.7034 30.0000 1.3679 103.7152 1.5000 0.0000 1.5000 -125.0000 180.0000 -90.0000
1789258451351 -1.2378 0.9734 0.7042 30.0000 1.3679 105.7175 1.5000 0.0000 1.5000 -125.0000 180.0000 -90.0000
1789258456423 -1.2717 0.9645 0.7050 30.0000 1.3679 107.7197 1.5000 0.0000 1.5000 -125.0000 180.0000 -90.0000
1789258461523 -1.3052 0.9544 0.7059 30.0000 1.3679 109.7219 1.5000 0.0000 1.5000 -125.0000 180.0000 -90.0000
1789258466587 -1.3384 0.9432 0.7067 30.0000 1.3679 111.7241 1.5000 0.0000 1.5000 -125.0000 180.0000 -90.0000
1789258471674 -1.3711 0.9308 0.7075 30.0000 1.3679 113.7264 1.5000 0.0000 1.5000 -125.0000 180.0000 -90.0000
1789258476787 -1.4034 0.9172 0.7084 30.0000 1.3679 115.7286 1.5000 0.0000 1.5000 -125.0000 180.0000 -90.0000
1789258481852 -1.4352 0.9026 0.7092 30.0000 1.3679 117.7309 1.5000 0.0000 1.5000 -125.0000 180.0000 -90.0000
1789258486937 -1.4665 0.8868 0.7100 30.0000 1.3679 119.7330 1.5000 0.0000 1.5000 -125.0000 180.0000 -90.0000
1789258492030 -1.4972 0.8700 0.7109 30.0000 1.3679 121.7352 1.5000 0.0000 1.5000 -125.0000 180.0000 -90.0000
1789258497114 -1.5273 0.8521 0.7117 30.0000 1.3679 123.7375 1.5000 0.0000 1.5000 -125.0000 180.0000 -90.0000
1789258502194 -1.5567 0.8331 0.7125 30.0000 1.3679 125.7397 1.5000 0.0000 1.5000 -125.0000 180.0000 -90.0000
1789258507276 -1.5855 0.8132 0.7134 30.0000 1.3679 127.7420 1.5000 0.0000 1.5000 -125.0000 180.0000 -90.0000
1789258512377 -1.6136 0.7922 0.7142 30.0000 1.3679 129.7441 1.5000 0.0000 1.5000 -125.0000 180.0000 -90.0000
1789258517436 -1.6409 0.7703 0.7150 30.0000 1.3679 131.7464 1.5000 0.0000 1.5000 -125.0000 180.0000 -90.0000
1789258522514 -1.6674 0.7474 0.7159 30.0000 1.3679 133.7486 1.5000 0.0000 1.5000 -125.0000 180.0000 -90.0000
1789258527615 -1.6931 0.7237 0.7167 30.0000 1.3679 135.7509 1.5000 0.0000 1.5000 -125.0000 180.0000 -90.0000
1789258532682 -1.7180 0.6990 0.7175 30.0000 1.3679 137.7530 1.5000 0.0000 1.5000 -125.0000 180.0000 -90.0000
1789258537781 -1.7419 0.6735 0.7184 30.0000 1.3679 139.7553 1.5000 0.0000 1.5000 -125.0000 180.0000 -90.0000
1789258542859 -1.7650 0.6472 0.7192 30.0000 1.3679 141.7575 1.5000 0.0000 1.5000 -125.0000 180.0000 -90.0000
1789258547967 -1.7872 0.6200 0.7200 30.0000 1.3679 143.7598 1.5000 0.0000 1.5000 -125.0000 180.0000 -90.0000
1789258553021 -1.8084 0.5922 0.7209 30.0000 1.3679 145.7620 1.5000 0.0000 1.5000 -125.0000 180.0000 -90.0000
1789258558119 -1.8285 0.5636 0.7217 30.0000 1.3679 147.7641 1.5000 0.0000 1.5000 -125.0000 180.0000 -90.0000
1789258563220 -1.8477 0.5343 0.7225 30.0000 1.3679 149.7664 1.5000 0.0000 1.5000 -125.0000 180.0000 -90.0000
1789258568285 -1.8659 0.5043 0.7234 30.0000 1.3679 151.7686 1.5000 0.0000 1.5000 -125.0000 180.0000 -90.0000
1789258573392 -1.8830 0.4738 0.7242 30.0000 1.3679 153.7709 1.5000 0.0000 1.5000 -125.0000 180.0000 -90.0000
1789258578463 -1.8990 0.4426 0.7251 30.0000 1.3679 155.7731 1.5000 0.0000 1.5000 -125.0000 180.0000 -90.0000
1789258583535 -1.9139 0.4109 0.7259 30.0000 1.3679 157.7753 1.5000 0.0000 1.5000 -125.0000 180.0000 -90.0000
1789258588632 -1.9277 0.3788 0.7267 30.0000 1.3679 159.7775 1.5000 0.0000 1.5000 -125.0000 180.0000 -90.0000
1789258593741 -1.9404 0.3461 0.7276 30.0000 1.3679 161.7798 1.5000 0.0000 1.5000 -125.0000 180.0000 -90.0000
1789258598818 -1.9519 0.3130 0.7284 30.0000 1.3679 163.7820 1.5000 0.0000 1.5000 -125.0000 180.0000 -90.0000
1789258603954 -1.9622 0.2796 0.7292 30.0000 1.3679 165.7843 1.5000 0.0000 1.5000 -125.0000 180.0000 -90.0000
1789258609062 -1.9714 0.2458 0.7301 30.0000 1.3679 167.7864 1.5000 0.0000 1.5000 -125.0000 180.0000 -90.0000
1789258614121 -1.9794 0.2117 0.7309 30.0000 1.3679 169.7887 1.5000 0.0000 1.5000 -125.0000 180.0000 -90.0000
1789258619190 -1.9862 0.1774 0.7317 30.0000 1.3679 171.7909 1.5000 0.0000 1.5000 -125.0000 180.0000 -90.0000
1789258624290 -1.9918 0.1428 0.7326 30.0000 1.3679 173.7931 1.5000 0.0000 1.5000 -125.0000 180.0000 -90.0000
1789258629359 -1.9962 0.1081 0.7334 30.0000 1.3679 175.7953 1.5000 0.0000 1.5000 -125.0000 180.0000 -90.0000
1789258634441 -1.9994 0.0732 0.7342 30.0000 1.3679 177.7975 1.5000 0.0000 1.5000 -125.0000 180.0000 -90.0000
1789258639523 -2.0013 0.0382 0.7351 30.0000 1.3679 179.7998 1.5000 0.0000 1.5000 -125.0000 180.0000 -90.0000
1789258644605 -2.0020 0.0032 0.7359 30.0000 1.3679 -178.1980 1.5000 0.0000 1.5000 -125.0000 180.0000 -90.0000
1789258649678 -2.0015 -0.0318 0.7367 30.0000 1.3679 -176.1957 1.5000 0.0000 1.5000 -125.0000 180.0000 -90.0000
1789258654740 -1.9998 -0.0668 0.7376 30.0000 1.3679 -174.1936 1.5000 0.0000 1.5000 -125.0000 180.0000 -90.0000
1789258659809 -1.9969 -0.1016 0.7384 30.0000 1.3679 -172.1913 1.5000 0.0000 1.5000 -125.0000 180.0000 -90.0000
1789258664917 -1.9927 -0.1364 0.7392 30.0000 1.3679 -170.1891 1.5000 0.0000 1.5000 -125.0000 180.0000 -90.0000
1789258669986 -1.9873 -0.1710 0.7401 30.0000 1.3679 -168.1868 1.5000 0.0000 1.5000 -125.0000 180.0000 -90.0000
1789258675052 -1.9808 -0.2054 0.7409 30.0000 1.3679 -166.1846 1.5000 0.0000 1.5000 -125.0000 180.0000 -90.0000
1789258680131 -1.9730 -0.2395 0.7417 30.0000 1.3679 -164.1824 1.5000 0.0000 1.5000 -125.0000 180.0000 -90.0000
1789258685204 -1.9640 -0.2734 0.7426 30.0000 1.3679 -162.1802 1.5000 0.0000 1.5000 -125.0000 180.0000 -90.0000
1789258690257 -1.9539 -0.3069 0.7434 30.0000 1.3679 -160.1780 1.5000 0.0000 1.5000 -125.0000 180.0000 -90.0000
1789258695324 -1.9426 -0.3400 0.7442 30.0000 1.3679 -158.1757 1.5000 0.0000 1.5000 -125.0000 180.0000 -90.0000
1789258700387 -1.9301 -0.3728 0.7451 30.0000 1.3679 -156.1736 1.5000 0.0000 1.5000 -125.0000 180.0000 -90.0000
1789258705450 -1.9165 -0.4050 0.7459 30.0000 1.3679 -154.1713 1.5000 0.0000 1.5000 -125.0000 180.0000 -90.0000
1789258710517 -1.9018 -0.4368 0.7467 30.0000 1.3679 -152.1691 1.5000 0.0000 1.5000 -125.0000 180.0000 -90.0000
1789258715580 -1.8860 -0.4681 0.7476 30.0000 1.3679 -150.1668 1.5000 0.0000 1.5000 -125.0000 180.0000 -90.0000
1789258720623 -1.8691 -0.4987 0.7484 30.0000 1.3679 -148.1646 1.5000 0.0000 1.5000 -125.0000 180.0000 -90.0000
1789258725749 -1.8512 -0.5288 0.7492 30.0000 1.3679 -146.1624 1.5000 0.0000 1.5000 -125.0000 180.0000 -90.0000
1789258730820 -1.8322 -0.5582 0.7501 30.0000 1.3679 -144.1602 1.5000 0.0000 1.5000 -125.0000 180.0000 -90.0000
1789258735925 -1.8121 -0.5869 0.7509 30.0000 1.3679 -142.1579 1.5000 0.0000 1.5000 -125.0000 180.0000 -90.0000
1789258740993 -1.7911 -0.6150 0.7517 30.0000 1.3679 -140.1557 1.5000 0.0000 1.5000 -125.0000 180.0000 -90.0000
1789258746063 -1.7692 -0.6422 0.7526 30.0000 1.3679 -138.1536 1.5000 0.0000 1.5000 -125.0000 180.0000 -90.0000
1789258751161 -1.7463 -0.6687 0.7534 30.0000 1.3679 -136.1513 1.5000 0.0000 1.5000 -125.0000 180.0000 -90.0000
1789258756213 -1.7225 -0.6944 0.7542 30.0000 1.3679 -134.1491 1.5000 0.0000 1.5000 -125.0000 180.0000 -90.0000
1789258761280 -1.6977 -0.7192 0.7551 30.0000 1.3679 -132.1468 1.5000 0.0000 1.5000 -125.0000 180.0000 -90.0000
1789258766364 -1.6722 -0.7431 0.7559 30.0000 1.3679 -130.1446 1.5000 0.0000 1.5000 -125.0000 180.0000 -90.0000
1789258771442 -1.6458 -0.7662 0.7568 30.0000 1.3679 -128.1424 1.5000 0.0000 1.5000 -125.0000 180.0000 -90.0000
1789258776489 -1.6187 -0.7883 0.7576 30.0000 1.3679 -126.1402 1.5000 0.0000 1.5000 -125.0000 180.0000 -90.0000
1789258781553 -1.5907 -0.8094 0.7584 30.0000 1.3679 -124.1379 1.5000 0.0000 1.5000 -125.0000 180.0000 -90.0000
1789258786646 -1.5621 -0.8295 0.7593 30.0000 1.3679 -122.1357 1.5000 0.0000 1.5000 -125.0000 180.0000 -90.0000
1789258791748 -1.5328 -0.8487 0.7601 30.0000 1.3679 -120.1334 1.5000 0.0000 1.5000 -125.0000 180.0000 -90.0000
1789258796808 -1.5028 -0.8668 0.7609 30.0000 1.3679 -118.1313 1.5000 0.0000 1.5000 -125.0000 180.0000 -90.0000
1789258801923 -1.4722 -0.8838 0.7618 30.0000 1.3679 -116.1290 1.5000 0.0000 1.5000 -125.0000 180.0000 -90.0000
1789258807008 -1.4410 -0.8998 0.7626 30.0000 1.3679 -114.1268 1.5000 0.0000 1.5000 -125.0000 180.0000 -90.0000
1789258812073 -1.4093 -0.9146 0.7634 30.0000 1.3679 -112.1246 1.5000 0.0000 1.5000 -125.0000 180.0000 -90.0000
1789258817131 -1.3771 -0.9284 0.7643 30.0000 1.3679 -110.1223 1.5000 0.0000 1.5000 -125.0000 180.0000 -90.0000
1789258822211 -1.3445 -0.9410 0.7651 30.0000 1.3679 -108.1202 1.5000 0.0000 1.5000 -125.0000 180.0000 -90.0000
1789258827300 -1.3114 -0.9524 0.7659 30.0000 1.3679 -106.1179 1.5000 0.0000 1.5000 -125.0000 180.0000 -90.0000
1789258832410 -1.2779 -0.9627 0.7668 30.0000 1.3679 -104.1157 1.5000 0.0000 1.5000 -125.0000 180.0000 -90.0000
1789258837512 -1.2441 -0.9718 0.7676 30.0000 1.3679 -102.1134 1.5000 0.0000 1.5000 -125.0000 180.0000 -90.0000
1789258842580 -1.2100 -0.9798 0.7684 30.0000 1.3679 -100.1113 1.5000 0.0000 1.5000 -125.0000 180.0000 -90.0000
1789258847713 -1.1756 -0.9865 0.7693 30.0000 1.3679 -98.1090 1.5000 0.0000 1.5000 -125.0000 180.0000 -90.0000
1789258852779 -1.1411 -0.9921 0.7701 30.0000 1.3679 -96.1068 1.5000 0.0000 1.5000 -125.0000 180.0000 -90.0000
1789258857868 -1.1063 -0.9964 0.7709 30.0000 1.3679 -94.1045 1.5000 0.0000 1.5000 -125.0000 180.0000 -90.0000
1789258862974 -1.0714 -0.9995 0.7718 30.0000 1.3679 -92.1023 1.5000 0.0000 1.5000 -125.0000 180.0000 -90.0000
1789258868079 -1.0365 -1.0014 0.7726 30.0000 1.3679 -90.1001 1.5000 0.0000 1.5000 -125.0000 180.0000 -90.0000
1789258873139 -1.0015 -1.0020 0.7734 30.0000 1.3679 -88.0979 1.5000 0.0000 1.5000 -125.0000 180.0000 -90.0000
1789258878223 -0.9665 -1.0015 0.7743 30.0000 1.3679 -86.0957 1.5000 0.0000 1.5000 -125.0000 180.0000 -90.0000
1789258883305 -0.9315 -0.9997 0.7751 30.0000 1.3679 -84.0934 1.5000 0.0000 1.5000 -125.0000 180.0000 -90.0000
1789258888354 -0.8966 -0.9967 0.7759 30.0000 1.3679 -82.0913 1.5000 0.0000 1.5000 -125.0000 180.0000 -90.0000
1789258893415 -0.8619 -0.9925 0.7768 30.0000 1.3679 -80.0890 1.5000 0.0000 1.5000 -125.0000 180.0000 -90.0000
1789258898472 -0.8273 -0.9870 0.7776 30.0000 1.3679 -78.0868 1.5000 0.0000 1.5000 -125.0000 180.0000 -90.0000
1789258903535 -0.7929 -0.9804 0.7784 30.0000 1.3679 -76.0845 1.5000 0.0000 1.5000 -125.0000 180.0000 -90.0000
1789258908677 -0.7588 -0.9726 0.7793 30.0000 1.3679 -74.0823 1.5000 0.0000 1.5000 -125.0000 180.0000 -90.0000
1789258913731 -0.7249 -0.9635 0.7801 30.0000 1.3679 -72.0801 1.5000 0.0000 1.5000 -125.0000 180.0000 -90.0000
1789258918842 -0.6914 -0.9533 0.7809 30.0000 1.3679 -70.0779 1.5000 0.0000 1.5000 -125.0000 180.0000 -90.0000
1789258923924 -0.6583 -0.9420 0.7818 30.0000 1.3679 -68.0756 1.5000 0.0000 1.5000 -125.0000 180.0000 -90.0000
1789258929060 -0.6256 -0.9295 0.7826 30.0000 1.3679 -66.0734 1.5000 0.0000 1.5000 -125.0000 180.0000 -90.0000
1789258934150 -0.5934 -0.9158 0.7834 30.0000 1.3679 -64.0711 1.5000 0.0000 1.5000 -125.0000 180.0000 -90.0000
1789258939230 -0.5616 -0.9011 0.7843 30.0000 1.3679 -62.0690 1.5000 0.0000 1.5000 -125.0000 180.0000 -90.0000
1789258944310 -0.5304 -0.8852 0.7851 30.0000 1.3679 -60.0668 1.5000 0.0000 1.5000 -125.0000 180.0000 -90.0000
1789258949404 -0.4998 -0.8682 0.7860 30.0000 1.3679 -58.0645 1.5000 0.0000 1.5000 -125.0000 180.0000 -90.0000
1789258954454 -0.4697 -0.8502 0.7868 30.0000 1.3679 -56.0623 1.5000 0.0000 1.5000 -125.0000 180.0000 -90.0000
1789258959527 -0.4403 -0.8312 0.7876 30.0000 1.3679 -54.0601 1.5000 0.0000 1.5000 -125.0000 180.0000 -90.0000
1789258964610 -0.4116 -0.8111 0.7885 30.0000 1.3679 -52.0579 1.5000 0.0000 1.5000 -125.0000 180.0000 -90.0000
1789258969702 -0.3837 -0.7901 0.7893 30.0000 1.3679 -50.0556 1.5000 0.0000 1.5000 -125.0000 180.0000 -90.0000
1789258974750 -0.3564 -0.7681 0.7901 30.0000 1.3679 -48.0534 1.5000 0.0000 1.5000 -125.0000 180.0000 -90.0000
1789258979816 -0.3300 -0.7451 0.7910 30.0000 1.3679 -46.0511 1.5000 0.0000 1.5000 -125.0000 180.0000 -90.0000
1789258984907 -0.3044 -0.7212 0.7918 30.0000 1.3679 -44.0490 1.5000 0.0000 1.5000 -125.0000 180.0000 -90.0000
1789258990021 -0.2796 -0.6965 0.7926 30.0000 1.3679 -42.0467 1.5000 0.0000 1.5000 -125.0000 180.0000 -90.0000
1789258995104 -0.2557 -0.6709 0.7935 30.0000 1.3679 -40.0445 1.5000 0.0000 1.5000 -125.0000 180.0000 -90.0000
1789259000213 -0.2327 -0.6445 0.7943 30.0000 1.3679 -38.0422 1.5000 0.0000 1.5000 -125.0000 180.0000 -90.0000
1789259005295 -0.2107 -0.6173 0.7951 30.0000 1.3679 -36.0400 1.5000 0.0000 1.5000 -125.0000 180.0000 -90.0000
1789259010372 -0.1896 -0.5893 0.7960 30.0000 1.3679 -34.0379 1.5000 0.0000 1.5000 -125.0000 180.0000 -90.0000
1789259015422 -0.1695 -0.5607 0.7968 30.0000 1.3679 -32.0356 1.5000 0.0000 1.5000 -125.0000 180.0000 -90.0000
1789259020484 -0.1504 -0.5313 0.7976 30.0000 1.3679 -30.0334 1.5000 0.0000 1.5000 -125.0000 180.0000 -90.0000
1789259025577 -0.1324 -0.5013 0.7985 30.0000 1.3679 -28.0311 1.5000 0.0000 1.5000 -125.0000 180.0000 -90.0000
1789259030653 -0.1154 -0.4707 0.7993 30.0000 1.3679 -26.0290 1.5000 0.0000 1.5000 -125.0000 180.0000 -90.0000
1789259035754 -0.0995 -0.4395 0.8001 30.0000 1.3679 -24.0267 1.5000 0.0000 1.5000 -125.0000 180.0000 -90.0000
1789259040854 -0.0847 -0.4077 0.8010 30.0000 1.3679 -22.0245 1.5000 0.0000 1.5000 -125.0000 180.0000 -90.0000
1789259045942 -0.0710 -0.3755 0.8018 30.0000 1.3679 -20.0222 1.5000 0.0000 1.5000 -125.0000 180.0000 -90.0000
1789259051019 -0.0584 -0.3428 0.8026 30.0000 1.3679 -18.0200 1.5000 0.0000 1.5000 -125.0000 180.0000 -90.0000
1789259056125 -0.0470 -0.3097 0.8035 30.0000 1.3679 -16.0178 1.5000 0.0000 1.5000 -125.0000 180.0000 -90.0000
1789259061200 -0.0368 -0.2762 0.8043 30.0000 1.3679 -14.0156 1.5000 0.0000 1.5000 -125.0000 180.0000 -90.0000
1789259066271 -0.0277 -0.2424 0.8051 30.0000 1.3679 -12.0133 1.5000 0.0000 1.5000 -125.0000 180.0000 -90.0000
1789259071312 -0.0198 -0.2083 0.8060 30.0000 1.3679 -10.0111 1.5000 0.0000 1.5000 -125.0000 180.0000 -90.0000
1789259076353 -0.0132 -0.1739 0.8068 30.0000 1.3679 -8.0089 1.5000 0.0000 1.5000 -125.0000 180.0000 -90.0000
1789259081397 -0.0077 -0.1393 0.8076 30.0000 1.3679 -6.0067 1.5000 0.0000 1.5000 -125.0000 180.0000 -90.0000
1789259086472 -0.0034 -0.1046 0.8085 30.0000 1.3679 -4.0045 1.5000 0.0000 1.5000 -125.0000 180.0000 -90.0000
1789259091568 -0.0004 -0.0697 0.8093 30.0000 1.3679 -2.0022 1.5000 0.0000 1.5000 -125.0000 180.0000 -90.0000
1789259096635 0.0008 -0.0348 0.8101 30.0000 1.3676 -1.0011 1.5000 0.0000 1.5000 -125.0000 180.0000 -90.0000
