timestamp x_robot y_robot z_robot roll_robot pitch_robot yaw_robot x_rgbd y_rgbd z_rgbd roll_rgbd pitch_rgbd yaw_rgbd
0000 1.66345432727 1.17188054309 0.111094859071 0.963926259476 -0.783182713706 -60.8588486937 1.70402774906 3.12978678835 1.54420919952 0.772042737033 55.5677765305 -88.868560919
0001 1.65820146623 1.18121529625 0.122150767798 0.936976438238 -0.821640006684 -58.7941296277 1.70411108404 3.12954904393 1.54427355808 0.713084001334 53.9186475564 -88.9421278716
0002 1.66077531593 1.18229718602 0.122020417047 0.66047227912 -0.698542651506 -58.0167230939 1.7039277046 3.12988988317 1.54419929998 0.774654682047 56.1239723541 -88.8645340574
0003 1.6632410859 1.18324318919 0.122054621329 0.810337399141 -0.690309473073 -57.2761091279 1.70408877826 3.12971536664 1.54417422407 0.7933661548 55.7609431973 -88.8479709637
0004 1.67715983986 1.17883348388 0.111312923806 0.955032889472 -0.731132134811 -56.3899784082 1.70417529181 3.1295204775 1.54427405697 0.735557158491 53.814722573 -88.9172024289
0005 1.67934415904 1.18000276554 0.111395299146 0.97443266806 -0.747790036623 -55.7187805769 1.70396731756 3.12988281896 1.54419080434 0.779687626645 56.3370953194 -88.864916473
0006 1.68201022654 1.18120522708 0.111430392226 1.02171996529 -0.582876801259 -54.9919271724 1.70407145679 3.12974312413 1.54420369614 0.790158445489 55.6132971286 -88.8578891221
0007 1.67220820334 1.18813324182 0.122167237512 0.818434752517 -0.68939042103 -54.3022768941 1.70408099071 3.12968753864 1.54422922448 0.757708252702 55.1121597047 -88.8857204761
0008 1.67405164919 1.18944378586 0.122291907585 0.935926007914 -0.791065714142 -53.6684671233 1.70413069043 3.12945592335 1.5443874197 0.670784491996 52.3731012982 -88.9962219336
0009 1.67675955475 1.19124471631 0.122283994096 0.835559686776 -0.829952517253 -52.8101507826 1.70395199264 3.12970852213 1.54427817816 0.713950983126 54.5340865162 -88.9449790953
0010 1.67936034772 1.19283832259 0.122070326029 0.61854544409 -0.731596225685 -52.1465176571 1.7039324338 3.12991217362 1.54418393697 0.787284145367 56.4333040836 -88.8509369174
0011 1.69309640201 1.1883790718 0.111388052294 0.773911532332 -0.823095908702 -51.2716910875 1.70394818003 3.12968042083 1.54431663067 0.664483805835 53.7819095301 -88.9982570676
0012 1.69554627541 1.18965095858 0.111170836025 0.953522243143 -0.668507787638 -50.4436142321 1.7039280529 3.12987960676 1.54420676132 0.767365073638 56.1649763525 -88.8721301984
0013 1.6980607862 1.19112257907 0.111058980063 0.466954572878 -0.563907366249 -49.7531890073 1.70402058114 3.12971731563 1.54422133614 0.74896286506 55.0944040837 -88.8999566968
0014 1.70006230919 1.19278175236 0.111269779328 0.726511590493 -0.689642490382 -49.0641451584 1.70391015452 3.12987552786 1.54423502558 0.775197999917 56.0230253079 -88.871390606
0015 1.68973658375 1.19986875647 0.122270639313 0.752183562367 -0.777314440782 -48.4314032139 1.70419527696 3.12959247824 1.54422508957 0.765385998698 54.7664894586 -88.8821474036
0016 1.70414874175 1.19605799145 0.111398425497 0.690745224825 -0.777189107573 -47.5877566835 1.70403609479 3.12963393646 1.54426056935 0.733506288571 54.3396599905 -88.9200225147
0017 1.70651719745 1.19949760713 0.113171077022 0.760288782693 -1.82004862689 -46.2899171943 1.70394003341 3.12981987039 1.54423576216 0.742741417544 55.5089204787 -88.8994486614
0018 1.69624107956 1.20509050416 0.122163893899 0.606087146059 -0.813708056291 -46.2225310078 1.70409686174 3.12964648946 1.54425168405 0.749537101869 54.6619645511 -88.8983889751
0019 1.69831768992 1.20658801104 0.122162349518 0.625596507605 -0.746716346711 -45.4541542002 1.70405856488 3.12979674219 1.54417954448 0.791084214141 56.0216662425 -88.8462695716
0020 1.70067437936 1.2081244085 0.122248209593 0.496760144678 -0.669349808855 -44.6880703127 1.70392710111 3.12987677066 1.54419942851 0.783076735977 56.2195645155 -88.8538774653
0021 1.70254701272 1.20953993593 0.122182963962 0.529953550247 -0.623805065682 -44.0142002001 1.70395705454 3.12988461842 1.54419207876 0.786320589014 56.3259427614 -88.856491279
0022 1.70439317465 1.21145920468 0.122252020128 0.626271899547 -0.687113154277 -43.2465419752 1.70402347316 3.12979111308 1.54420398394 0.778518651123 55.8644625084 -88.8638432134
0023 1.70652335174 1.21325151445 0.12225725976 0.541202807032 -0.745976542848 -42.4471953275 1.70398694725 3.12976096032 1.54420723594 0.7452910989 55.338541863 -88.8956193167
0024 1.70892477727 1.21533235713 0.122126414458 0.345865789128 -0.670058706875 -41.7371624661 1.70393796943 3.12986131129 1.54421992316 0.772731583607 56.0372121479 -88.8691240173
0025 1.71043273344 1.21714722134 0.122037189244 0.411651865139 -0.698846198476 -40.9948766426 1.70395476644 3.12980765153 1.54423453564 0.751260628677 55.4085035308 -88.8954357325
0026 1.71219451828 1.21904312058 0.122112563836 0.45351666206 -0.77921032675 -40.2752517462 1.70392412062 3.12981822272 1.54424418037 0.74158972997 55.2885656078 -88.9006304546
0027 1.71435238883 1.22081250242 0.122162467713 0.374641256064 -0.740567281852 -39.5252437401 1.70394436591 3.12986673474 1.5442056745 0.773799949808 56.1002222415 -88.8731357999
0028 1.71609265784 1.22244324717 0.1221930059 0.483763145745 -0.675184944015 -38.8110911796 1.70394868079 3.12987688719 1.54420902335 0.79381163228 56.1631675216 -88.8508357308
0029 1.71780998802 1.22429062785 0.12214575233 0.53214577198 -0.682436185166 -37.9951873017 1.70398077311 3.12969206363 1.54429198468 0.701446543948 54.1226869669 -88.9593511011
0030 1.71976008106 1.22616719515 0.122236820283 0.498744199972 -0.7003918461 -37.2562532309 1.70394928614 3.12988524996 1.54419629313 0.782037843863 56.2568507309 -88.8554005492
0031 1.72191524271 1.22829509672 0.122143528494 0.383069323645 -0.574379988897 -36.4451749482 1.70399425151 3.12982786815 1.54420816429 0.792399493167 56.0497623792 -88.8485351099
0032 1.72320662312 1.23033438589 0.122137254508 0.523636803981 -0.680297336528 -35.7633378611 1.70394795561 3.12974365396 1.54422250118 0.742322719281 55.0538437318 -88.9085547046
0033 1.72488955062 1.23246083061 0.122170528264 0.360153317604 -0.779797414486 -34.996117946 1.70404994129 3.12951150215 1.54432360221 0.669851211823 53.0659634273 -88.9878648051
0034 1.72680624256 1.23458645298 0.122039953862 0.384956112739 -0.674615277339 -34.2505765095 1.70395801363 3.12988746227 1.54420715495 0.777572235887 56.2120790063 -88.8575123051
0035 1.72838135468 1.23644375046 0.122113429514 0.398031554467 -0.671601931803 -33.4787488492 1.70394739549 3.12982961337 1.54419593324 0.742681647508 55.8004184646 -88.8982874396
0036 1.73351285471 1.24244335899 0.122102448201 0.27635371798 -0.519232347587 -31.1517141873 1.70391955932 3.12988365845 1.54420583544 0.774017836547 56.1256281198 -88.8632661407
0037 1.73471376152 1.24444451768 0.122093182792 0.444302558522 -0.589632334514 -30.4872258205 1.70424082108 3.12935945853 1.54442614356 0.647036728684 51.5209743283 -89.0261886239
0038 1.73606192114 1.2465988759 0.122228910205 0.43360633728 -0.704348688524 -29.7532181294 1.70396186817 3.12966828603 1.54432229752 0.678290101514 53.7174560142 -88.9832529383
0039 1.73793715484 1.24914504671 0.122163306614 0.303485657797 -0.679548590742 -28.9318798777 1.70392788334 3.1297908754 1.54421867802 0.748268148122 55.436667207 -88.9056578533
0040 1.73909802972 1.25117817533 0.122073948782 0.356534741045 -0.713511681451 -28.2332562709 1.70391474882 3.12988084464 1.54419557252 0.77561699032 56.0706803622 -88.8678744014
0041 1.74041087557 1.25316818114 0.122213452324 0.502081948058 -0.760197469577 -27.4490606249 1.70397485842 3.12975255145 1.54426596056 0.72287297214 54.800567576 -88.9320068249
0042 1.74194402135 1.25518338996 0.122180920384 0.512013118897 -0.67186197478 -26.7066772585 1.70394544654 3.12977302447 1.54421909299 0.744239629503 55.2796329735 -88.8954693416
0043 1.74372876021 1.25739389486 0.122208103245 0.389883243572 -0.577648584049 -25.9405019133 1.70406556747 3.12971233164 1.54416782175 0.791949557562 55.6786306374 -88.8467983568
0044 1.74474527859 1.25941228792 0.122291089646 0.462714842139 -0.681084372549 -25.3023545328 1.70400952581 3.12980554682 1.54421606248 0.775955560429 55.8106521037 -88.8640654359
0045 1.74618741059 1.26178792914 0.122116972154 0.398135398591 -0.559486030508 -24.4524418084 1.70398308356 3.12983533209 1.5442066796 0.77114199357 55.8691409663 -88.8752511596
0046 1.74771496253 1.26417960867 0.122215474026 0.428846306293 -0.565745757502 -23.705473844 1.70404415407 3.12976780084 1.54417117898 0.801937617346 55.940683037 -88.8392079612
0047 1.74881041351 1.26659931767 0.122150442738 0.396324186048 -0.626113870845 -22.9895210044 1.7039509471 3.12990490149 1.54419652154 0.797772329277 56.434967912 -88.8410001974
0048 1.74968653443 1.26866396189 0.122190312769 0.460315111197 -0.673829018751 -22.2500306772 1.70394190294 3.12986890864 1.54422911354 0.775153849092 56.1114815564 -88.8665569974
0049 1.75114737132 1.27100103685 0.122184969667 0.387523044173 -0.664366361486 -21.4901413843 1.70393151214 3.12991109908 1.54419026128 0.787056508384 56.4577691914 -88.8449319063
0050 1.75264428727 1.2733239341 0.122126077476 0.38288958265 -0.522067221969 -20.6700924672 1.70393422764 3.12977526087 1.54426648676 0.734694342035 55.0990210197 -88.9127106263
0051 1.75354959556 1.27518939088 0.122215886701 0.465407019343 -0.566630191342 -19.9881117194 1.70395842902 3.12987243939 1.54420925883 0.77857435094 56.1470285944 -88.8582193955
0052 1.75463443366 1.2776147654 0.122385433992 0.404935139141 -0.501285728159 -19.2856932277 1.70394008365 3.12983897931 1.54421736972 0.769862962088 55.9087867332 -88.875523993
0053 1.75599487527 1.28006979583 0.122177020026 0.452310045262 -0.509991106317 -18.4570010839 1.70411524272 3.12950175507 1.54430962266 0.71633214989 53.4335936691 -88.9468211497
0054 1.75711904471 1.28256000324 0.122131161766 0.433088317615 -0.416228009369 -17.7238161385 1.70393478949 3.12989318146 1.54420209612 0.790281651566 56.326969349 -88.8494217136
0055 1.75769713163 1.28483449194 0.122181378974 0.485888899111 -0.609239552924 -16.9724914122 1.70393663399 3.12979988475 1.54423900647 0.740830402424 55.2545127089 -88.9056455264
0056 1.75871404648 1.28747908485 0.122176650315 0.485455130004 -0.578229709889 -16.2900018537 1.703933593 3.12990310524 1.54419573041 0.787246171475 56.4040539757 -88.857229598
0057 1.75994247256 1.28991038721 0.1221427586 0.398041549749 -0.571880910997 -15.558689948 1.70394325738 3.12988671766 1.54418238539 0.763950114934 56.3100859278 -88.8755770274
0058 1.76059920238 1.29191593743 0.122361572334 0.544846454587 -0.61193341313 -14.7759284275 1.70393524419 3.12991618736 1.54418395244 0.790697586625 56.509159221 -88.8506588976
0059 1.76151619118 1.29403519785 0.12238628294 0.636861268612 -0.638871795896 -14.0345401273 1.70394724537 3.12988196021 1.54419201922 0.783750779643 56.1408942633 -88.8611567699
0060 1.76259253852 1.29661772014 0.122363897863 0.582827688749 -0.531547090134 -13.2364210272 1.70393545608 3.12988056929 1.54422764583 0.761837238102 56.1602049473 -88.8713782819
0061 1.76343592112 1.29910202904 0.122368897203 0.52550449946 -0.552251433692 -12.5290729025 1.70408444172 3.12961163976 1.54427578738 0.727760365354 54.1530265472 -88.9257208151
0062 1.7639833177 1.30141195236 0.122460027274 0.642287581286 -0.620707692194 -11.7825752593 1.70392925689 3.12982000305 1.54424272785 0.743901749342 55.4548172535 -88.9061047338
0063 1.76482225763 1.30414009397 0.122396689073 0.573600735893 -0.60383799917 -11.0133483503 1.7039459527 3.12983865104 1.54424514411 0.763266225717 55.6922971364 -88.8815603121
0064 1.76575229001 1.30714393024 0.122227479771 0.360621796226 -0.553969382301 -10.3373478123 1.70405488151 3.12952352353 1.54430736697 0.684418607649 53.4189275227 -88.9818392568
0065 1.76601794202 1.30932702939 0.122364807226 0.488486847827 -0.706057030642 -9.60626153145 1.70399745481 3.12983485501 1.54417115982 0.801224322384 56.0992861592 -88.8372923702
0066 1.7667382875 1.31163947857 0.122532021808 0.643997533947 -0.68290340044 -8.85733362742 1.70418654298 3.12955708402 1.54426103699 0.777103606478 54.3720499154 -88.8781134661
0067 1.76767292226 1.314077838 0.122489987407 0.559689914192 -0.604853712818 -8.06149672201 1.70394197412 3.1298670677 1.54420290308 0.77776349274 56.1094348944 -88.8633735924
0068 1.76833296377 1.31650700561 0.122522678824 0.565629453341 -0.579194566042 -7.33986971894 1.70393893399 3.12984147286 1.54419093322 0.774095650894 55.9997820028 -88.8700076787
0069 1.76871026818 1.31894003634 0.122584677537 0.624558725272 -0.631230790561 -6.64494660719 1.70395201193 3.12990455858 1.54416570721 0.787810158541 56.4616046528 -88.8485706952
0070 1.76919956478 1.32136471508 0.122567691421 0.755000156079 -0.591211414434 -5.93423784218 1.70393424449 3.12974194874 1.54425906047 0.721916774912 54.9184604666 -88.9268185738
0071 1.77007732138 1.32450279814 0.122517165923 0.518526680141 -0.539068932234 -5.13652053264 1.70631176382 3.12961108024 1.54433933143 -138.918078527 44.4082365584 -95.9030423653
0072 1.76992938329 1.32679170704 0.122471959436 0.790247258526 -0.584980251124 -4.58042023248 1.70393475316 3.12986271573 1.54421224218 0.762016908756 55.9797449208 -88.88172394
0073 1.77031194956 1.32962577776 0.122583170046 0.629313211036 -0.696031674812 -3.81483804206 1.70403643948 3.12960059745 1.54427187979 0.718370040801 54.1015403355 -88.9364444952
0074 1.77059668883 1.33218351292 0.122238599724 0.931802793936 -0.672221358442 -3.10322366084 1.70393304324 3.1298596662 1.54422031836 0.753741420042 55.8693559395 -88.8854073751
0075 1.77139022493 1.33458859269 0.122174789406 0.65771722529 -0.508950876076 -2.37616954001 1.70412924285 3.12964178193 1.54418702343 0.773572442465 55.2229670122 -88.8686823476
0076 1.78401827742 1.33508479847 0.116469846941 0.931381926395 -0.501005760069 -1.50762295157 1.7041740121 3.12950636123 1.5443719104 0.689013215187 52.8877989449 -88.9744351471
0077 1.7720915672 1.33966949287 0.122663097958 0.811000187752 -0.570380830532 -0.871646197867 1.70393603969 3.12974273557 1.54428636575 0.713205570117 54.5891226418 -88.9388319984
0078 1.77257757713 1.34264650901 0.122573787957 0.713353681611 -0.495322782002 -0.105438939542 1.70411903156 3.12965566194 1.54420604967 0.776357829931 55.1770199885 -88.8608551719
0079 1.77249011221 1.34485646206 0.122630575119 0.834303016537 -0.571926800451 0.557246396173 1.70400440799 3.12980429097 1.54420230906 0.781036137237 55.9098429177 -88.8599566529
0080 1.77254639115 1.34738768841 0.122634738281 0.904911571981 -0.6026628561 1.33239721115 1.70407806065 3.12967903627 1.54422460289 0.767365030354 55.048084259 -88.8782756574
0081 1.77278652739 1.35062257337 0.122591494311 0.638149820256 -0.589681275792 2.06306371889 1.70394464251 3.12979051632 1.54425693612 0.738082013956 55.0771235773 -88.904692319
0082 1.7730594325 1.35308430574 0.12254133157 0.705488292406 -0.531375607039 2.76840813796 1.70393333801 3.12990577305 1.54419563265 0.786379042233 56.3733978778 -88.8561383294
0083 1.77303063556 1.35522568748 0.122592074111 0.77330583424 -0.570298113933 3.51677854275 1.70394397774 3.12976158616 1.54423246665 0.726195045184 55.1495394893 -88.9206513352
0084 1.77335609395 1.35800525599 0.122710859951 0.776011582945 -0.593254988487 4.26422098527 1.70391759639 3.12974741893 1.54427475418 0.70547128686 54.6446428602 -88.9450157806
0085 1.77362235548 1.3609153023 0.122606957411 0.711823374947 -0.448418289458 5.04658331981 1.70392231231 3.12990955466 1.5441932705 0.789955930426 56.3943814123 -88.8532987927
0086 1.77338296228 1.36296172678 0.122676586447 0.803859554707 -0.514594554938 5.69634916982 1.70390839049 3.12982251951 1.54424514562 0.736431440399 55.5192724608 -88.9041761498
0087 1.77314774603 1.36580650028 0.122729393307 0.857003688065 -0.59156586914 6.49728948621 1.70392048273 3.12985664901 1.54421418671 0.746109899892 55.8551766813 -88.8998424739
0088 1.77315666341 1.36862049703 0.122626094628 0.73382999457 -0.557523643427 7.23202490896 1.70408195498 3.12953968275 1.5443021869 0.712212722581 53.543426601 -88.9506617653
0089 1.77296950474 1.37143075829 0.122593676002 0.735887713391 -0.607532956565 7.93508709108 1.70410728358 3.12958522299 1.54428922491 0.726478719568 54.0323990881 -88.9260359961
0090 1.77280857312 1.37342245102 0.122759491857 0.892766177799 -0.643043805076 8.66131965532 1.70394943154 3.12983115686 1.54420842959 0.75210430176 55.6440899268 -88.8946598537
0091 1.77282596016 1.37607866967 0.122829599014 0.923886131521 -0.58023429872 9.41857792275 1.70392410319 3.12990997165 1.54419655658 0.789264276931 56.4653851621 -88.8504700845
0092 1.77295198054 1.37865345412 0.122894537657 0.953131845065 -0.516678464299 10.2216023164 1.70393466594 3.12980640498 1.54423011017 0.767002777629 55.6092214691 -88.8797919416
0093 1.77267930432 1.3808470398 0.122892029249 1.14420446804 -0.550056946033 10.945727739 1.7039361757 3.12973281322 1.54422558328 0.723944540539 54.8771324023 -88.9218348113
0094 1.77233050445 1.3832796281 0.122979331288 1.15513188691 -0.611423033836 11.5956428576 1.70393376628 3.12989697584 1.54419811852 0.776161984469 56.2734544358 -88.858803448
0095 1.77215297824 1.38606907771 0.122908470575 1.08248757822 -0.535039835623 12.4376534968 1.703930032 3.12989592273 1.54420118171 0.779906774204 56.3126195193 -88.8627207948
0096 1.772009961 1.38912460207 0.123073424238 0.798494651349 -0.668764698914 13.2340096325 1.70393689549 3.12974696621 1.54427594237 0.731245716712 54.7812986644 -88.9233976524
0097 1.77115401644 1.39120269886 0.122915762278 1.06478861231 -0.7015444574 13.8437763233 1.70395011497 3.12973210414 1.54425388598 0.723622207407 54.7519523928 -88.9314342468
0098 1.77078701473 1.3939078327 0.122994140884 1.0545248974 -0.682947494672 14.5831037767 1.70409904892 3.12962765097 1.5442454851 0.738733173253 54.7337446229 -88.9079169828
0099 1.77078383565 1.3967536741 0.122977955681 0.816268523426 -0.638690837067 15.436913844 1.70391722249 3.12975392438 1.54427550539 0.708011118225 54.7004479032 -88.9457715902
0100 1.77031215864 1.39872290354 0.12310561695 0.913694888259 -0.676977575442 16.1233226975 1.70393876473 3.12989648072 1.54418965337 0.793114721712 56.3146472941 -88.8512309438
0101 1.76980699379 1.40136341577 0.123107293074 0.955261464304 -0.717633207583 16.9241614578 1.70393838401 3.12988720145 1.54420379198 0.783170143729 56.2524795727 -88.8594722456
0102 1.76941549501 1.40405419825 0.123102817262 1.00468019814 -0.663495390649 17.7177177653 1.70394164163 3.12975893949 1.54426037419 0.722551398342 54.9155031263 -88.9257692887
0103 1.76862872062 1.40691705425 0.12302109186 0.710104270838 -0.624645512482 18.3487155274 1.7039225562 3.12988073533 1.54421227956 0.783783950245 56.1205827271 -88.8636704195
0104 1.76783893929 1.40901768423 0.123213443828 0.882313386598 -0.798342768198 19.0122370626 1.70393396262 3.12987945582 1.54420554198 0.775955993842 56.1230856392 -88.8645797717
0105 1.76697357601 1.41215163155 0.123069011274 0.904481012133 -0.836433003866 19.7375977019 1.70411209591 3.1296833511 1.54417718467 0.78319821404 55.456824892 -88.8557343647
0106 1.76639145002 1.41462509785 0.123095924188 0.805895343484 -0.759804027435 20.567747683 1.70391816272 3.12985579669 1.54421298416 0.760254322839 55.935665349 -88.883747044
0107 1.76575469808 1.41696808683 0.123184282373 0.877759619593 -0.759313059725 21.3340911644 1.70401949523 3.12976101793 1.544243157 0.758709654009 55.1443745809 -88.8896582014
0108 1.76511780461 1.41933639722 0.123160506232 0.912599712484 -0.753251399663 22.156519214 1.70397491618 3.1295255327 1.5443104987 0.67231382335 53.1470631614 -88.9865055768
0109 1.76457263685 1.42172672489 0.123211349957 0.891481181406 -0.758298701266 22.8665779112 1.70403806008 3.12973951343 1.54416582484 0.78620922102 55.8370708292 -88.8567389166
0110 1.76388450305 1.42442522386 0.123201741566 0.819107265751 -0.725872727456 23.5702211065 1.70399778193 3.12973034303 1.54422935025 0.757580106863 55.2879901076 -88.8876925885
0111 1.763037933 1.4264231434 0.1232394672 0.972573917187 -0.830020269043 24.3202254897 1.70417679945 3.12950637985 1.54429261713 0.730877923248 53.6708692986 -88.922229979
0112 1.76213939047 1.42897497997 0.123212236552 0.91985106957 -0.825932191589 25.0576793312 1.70407317255 3.12971455224 1.5441890054 0.78277068891 55.4753172964 -88.8597296588
0113 1.76111027132 1.43182650763 0.123155570826 0.787517316351 -0.818690257441 25.8243728063 1.70401567246 3.12968168752 1.54426180318 0.730809842004 54.6735713952 -88.9204842153
0114 1.76016756593 1.43420955852 0.123115380473 0.737278567933 -0.824190846922 26.5037226001 1.7040091623 3.12963058713 1.54424185581 0.71980807027 54.3752533366 -88.9329922635
0115 1.75918154524 1.43644727551 0.123341911094 0.84910622631 -0.84541888485 27.277209526 1.70392112728 3.1298815356 1.54420424998 0.769282196973 56.0135405257 -88.8734869645
0116 1.75847486187 1.43891311367 0.123290195691 0.847940350226 -0.784352226285 28.0947406955 1.70394564862 3.12986082168 1.5442144025 0.767241682556 55.9947155263 -88.8744458217
0117 1.75776994313 1.44137571369 0.123215998896 0.711762287505 -0.680972020034 28.7329756994 1.70415194963 3.12953970123 1.54427253409 0.733058124286 54.0589414416 -88.9169293235
0118 1.7567374461 1.44356219464 0.123255129021 0.905166725017 -0.832613355526 29.5589196033 1.70408051873 3.12968994165 1.54422286869 0.758414488258 55.112460182 -88.8919667198
0119 1.75551012636 1.44601609798 0.123298165078 0.832449294757 -0.779538601041 30.3054075062 1.70393745455 3.12969544229 1.54427921339 0.708913611942 54.4220205417 -88.9442543468
0120 1.75443872227 1.44894539143 0.123126637093 0.531273295644 -0.651449310315 30.9846423164 1.70396990235 3.12979904639 1.54421108628 0.757379610005 55.6809117429 -88.879181935
0121 1.75298953802 1.45119842988 0.123237888225 0.74023148825 -0.82276648312 31.7489250636 1.70391041249 3.12992127987 1.54417963222 0.79120358389 56.5024562655 -88.8533303487
0122 1.75163444531 1.4534868208 0.123294369629 0.738765049196 -0.865339513458 32.4942042794 1.70392926603 3.12988982938 1.54419866422 0.778670624318 56.1943591957 -88.8627033878
0123 1.75050321821 1.45584032245 0.12330520176 0.679989359984 -0.80086855375 33.2245011531 1.70419575983 3.12947002695 1.54439741466 0.68792464686 52.5754073105 -88.9752006192
0124 1.74952831027 1.45827746993 0.12331258634 0.620898229653 -0.765412491417 33.9984662124 1.70393421421 3.1299007689 1.54418327041 0.781642252346 56.3137397212 -88.8568137908
0125 1.74838515933 1.46020091828 0.123408005321 0.681715572142 -0.865577584598 34.6638815563 1.70392033809 3.1298538327 1.54420848445 0.754832753766 56.0185129586 -88.8830697248
0126 1.74721733655 1.46247190339 0.123384810996 0.700630061481 -0.844436754903 35.4480908302 1.70422279734 3.12945402635 1.54435538452 0.698502368532 52.7122155462 -88.9596119868
0127 1.74580896198 1.4651227287 0.123448812835 0.713890595474 -0.727259301861 36.2474989779 1.70405407248 3.12951861525 1.5443367592 0.675479599608 53.1267593633 -88.9863291995
0128 1.74451624381 1.46715667926 0.123388258843 0.735650238253 -0.751937392925 36.9578744983 1.70393202632 3.12989705331 1.54419161547 0.786410380072 56.3208833069 -88.8502474532
0129 1.74285925545 1.46932268225 0.123437414108 0.694188284607 -0.877264075295 37.665553163 1.7039346791 3.12988742043 1.54420593974 0.789737349588 56.2781530621 -88.8555760432
0130 1.74121538416 1.47175736953 0.123349473167 0.547783203019 -0.848570437057 38.3869044219 1.70392620488 3.12987349057 1.54422626812 0.759003922908 55.9640367309 -88.882151606
0131 1.73979145113 1.47420850684 0.123296652208 0.483455094583 -0.817523054169 39.158967873 1.70408520885 3.12968373805 1.54422751523 0.773145113119 55.0446930118 -88.8751276949
0132 1.73851617086 1.47594727553 0.123333810468 0.629696439742 -0.867987709996 39.9078903129 1.7039539847 3.12988436307 1.54420737879 0.776100410426 56.1146055206 -88.8659361535
0133 1.73730272367 1.47806785051 0.123404411219 0.6631527151 -0.852124492655 40.6895980947 1.7039404674 3.1297423007 1.54424905456 0.710308300857 54.8678631817 -88.9373894091
0134 1.73586463885 1.48047570436 0.12338717834 0.688829490781 -0.71657010079 41.4199529436 1.70414448198 3.12963270368 1.54417026605 0.809553364495 55.4515781059 -88.8315694847
0135 1.73439610697 1.48246939082 0.123456642772 0.689307203852 -0.765074323028 42.2016492876 1.70393243428 3.12987615192 1.54421527185 0.778819509195 56.0372019535 -88.8610115637
0136 1.7326190437 1.48467870549 0.123456990375 0.644396128036 -0.791282668716 42.985262816 1.70392966251 3.12987112663 1.54418446493 0.776771623077 56.1633355922 -88.8630224182
0137 1.7308482339 1.48680258513 0.123430124498 0.540727572821 -0.835792041028 43.7142367109 1.70393000012 3.12990672256 1.54417068028 0.798015228285 56.5003838437 -88.8360591792
0138 1.72906709803 1.48905571112 0.123286797571 0.362439623891 -0.738830517113 44.4660325163 1.70395325604 3.12969870412 1.54423449229 0.735151768488 54.80881669 -88.9183367776
0139 1.72727138728 1.49098215057 0.123406586301 0.467833979041 -0.890937049489 45.1702613265 1.70391084105 3.12977334182 1.54422838226 0.733305345735 55.2661086033 -88.9127115399
0140 1.72572123925 1.49296502875 0.123522899869 0.527332254308 -0.869859738595 46.0053393265 1.70394917207 3.12969713338 1.54429516022 0.687269404603 54.1204764471 -88.9678379911
0141 1.72438672088 1.49517065294 0.123488848388 0.509066684107 -0.715340588905 46.7801963335 1.70394624006 3.12979291405 1.54423651362 0.739983780399 55.2924312289 -88.906889041
0142 1.72268262936 1.49703189261 0.123511540427 0.5377908328 -0.793134662983 47.5019267063 1.70390406137 3.12977882002 1.54399817631 1.23114226625 55.5733987086 -88.4234981409
0143 1.72125841854 1.49854194167 0.123518405039 0.614877621326 -0.829596652879 48.2389645721 1.70399818366 3.12953674185 1.54430057272 0.664462319849 53.2914768519 -89.0014251862
0144 1.71936625075 1.50075142665 0.123465661169 0.645460408425 -0.786093502299 48.9755583826 1.70401057759 3.12951720659 1.54432284952 0.666741133088 53.1547081266 -88.9944162349
0145 1.71716664768 1.50286871651 0.123253441863 0.462054592191 -0.649007638733 49.8189055305 1.70411138335 3.12951383721 1.54431559451 0.694977226599 53.3662973043 -88.9643013296
0146 1.71538355837 1.50434343532 0.123393022639 0.475733865607 -0.924363420063 50.3992418455 1.70393678998 3.1297579291 1.54421654308 0.738596079606 55.235716381 -88.9086181467
0147 1.71308906571 1.50635294509 0.123182846009 -0.0600330832091 -0.429378292838 51.5054293556 1.70416938002 3.12958086052 1.54424645314 0.774305988506 54.5572226598 -88.8786379897
0148 1.71165587075 1.508280635 0.123391353247 0.408238507326 -0.74333315776 51.888605339 1.70395781113 3.1296858677 1.54426542909 0.722337355289 54.5619088626 -88.9278930532
0149 1.70966262503 1.51008321169 0.123517503745 0.448134087964 -0.83437846076 52.6207219413 1.70393283109 3.12977496981 1.54421793105 0.743575245143 55.3287073161 -88.9018996315
0150 1.70800225282 1.51168164876 0.123565073764 0.482630387294 -0.87720196597 53.4026451694 1.70419429656 3.12954288224 1.5442275091 0.743464438711 54.285752992 -88.9081222243
0151 1.70586128339 1.5136699869 0.123595542477 0.353321973661 -0.828640912354 54.1189158687 1.70405742308 3.12971430337 1.54422581137 0.766086486918 55.2733364827 -88.8776040817
0152 1.70375886853 1.51553893088 0.123620783185 0.381237927389 -0.785414435456 54.9309931962 1.70395518836 3.12980714492 1.54421808209 0.770306957116 55.6352024701 -88.8726058508
0153 1.70169105889 1.51683048561 0.123679333004 0.475891332937 -0.950577030462 55.6314943315 1.70391036657 3.12984555524 1.54424176102 0.748413549087 55.6597263636 -88.8860861788
0154 1.69905348824 1.51857311973 0.123262658493 -0.0464666126583 -0.767168782853 56.4938824135 1.70392948974 3.12988747635 1.54419639747 0.778405907002 56.2565398341 -88.8628489318
0155 1.69727018904 1.52044706244 0.123605492999 0.23086275034 -0.936337027665 57.1442714759 1.7039062656 3.12988465601 1.54422774845 0.765499323612 56.02442577 -88.8762492762
0156 1.69525819855 1.52176794618 0.123257210397 -0.031653927112 -0.657491649007 58.0316068601 1.70396886055 3.12983104512 1.54419529375 0.773300777542 55.9067788357 -88.8667218302
0157 1.69360599101 1.52339803111 0.123664156058 0.387960297542 -0.995941931735 58.6757194204 1.70395178854 3.12976822927 1.54422752417 0.728719394128 55.2601639893 -88.9164602071
0158 1.69124748859 1.52510531546 0.123366779006 0.076131983795 -0.705052501318 59.5864273556 1.70395821477 3.12976758237 1.54420475195 0.745971765875 55.3363526577 -88.9072243476
0159 1.68885791354 1.5270588496 0.123397812452 0.065930557226 -0.608367180663 60.3642771923 1.70390900301 3.12979745691 1.54423238376 0.737595466238 55.2854721582 -88.9103598234
0160 1.68708884501 1.52807611392 0.123389306459 -0.00815177696306 -0.666624132634 60.9269205831 1.7039449319 3.1298897136 1.54417276102 0.783728960006 56.3624718683 -88.8558066457
0161 1.68451297234 1.52963150371 0.123473917668 0.223834898243 -0.948846933953 61.4673378974 1.70396916061 3.12980259076 1.54420009099 0.779522260274 55.8257651456 -88.8628609434
0162 1.68236374078 1.53155500119 0.123574665218 0.13367922422 -0.884791342435 62.3797536466 1.70421084644 3.12940300673 1.54440256934 0.663856216995 51.9445784321 -89.0061927213
0163 1.68031421734 1.53262235438 0.123385681807 -0.00881830795936 -0.693746187685 63.2472893949 1.70406317845 3.12961569204 1.54428745724 0.721363626958 54.0901001492 -88.9319418382
0164 1.67841478001 1.53386858339 0.123450169754 -0.0998116687114 -0.581228752659 63.9874205342 1.7039445553 3.12987190773 1.54420226826 0.766799613403 56.0659326941 -88.8773570375
0165 1.67627909672 1.53558531233 0.123503205471 0.0526701905939 -0.592958258913 64.7894365826 1.70398495348 3.12978963045 1.54423023811 0.751513915902 55.3577998715 -88.8803543465
0166 1.67419837302 1.53728809748 0.12368189637 0.122275844648 -0.643897179805 65.4244532737 1.70393988108 3.12964473057 1.5443030067 0.672226855163 53.6792092465 -88.9835549191
0167 1.67240704888 1.53822702754 0.123815219852 0.333235302606 -0.805001067457 66.108674693 1.70408298358 3.12963002338 1.54424838423 0.740153355021 54.6002401491 -88.9136661936
0168 1.66987659849 1.53941361187 0.123534258008 0.208047614567 -0.593144639992 67.0179420967 1.7039282355 3.12992432141 1.54414985066 0.797059934913 56.7112933935 -88.8353010012
0169 1.66724560819 1.54087209759 0.123568989525 0.146656140908 -0.568793904151 67.7761362144 1.70404361059 3.12963104675 1.54428726819 0.707569318587 54.1304744019 -88.9459474974
0170 1.66486154384 1.54185751685 0.123443126736 0.0634970760134 -0.683176477482 68.4854391349 1.70394416715 3.12987449229 1.54419188413 0.78101607461 56.1362683295 -88.8595451781
0171 1.66252489455 1.54265786309 0.1235278716 0.0792052395385 -0.770436789678 69.2307196104 1.70418748267 3.12954756871 1.54426832084 0.73694210843 54.1626420684 -88.9164119981
0172 1.66013309784 1.54376847833 0.123349005628 -0.0189504766532 -0.687395735654 69.9816243726 1.70394013237 3.12987915496 1.54418307814 0.774640113687 56.2052931422 -88.8639197385
0173 1.65751368782 1.54534600912 0.123433009014 -0.00170267095531 -0.691730106329 70.7763442232 1.70391290345 3.12983133059 1.54421727846 0.766091226482 55.9009674438 -88.8765839267
0174 1.65561267645 1.54604054788 0.123479858484 0.108871532209 -0.744495473986 71.5001788497 1.70391561412 3.12987781279 1.54421994077 0.779788699248 55.9641220134 -88.8682601544
0175 1.65349162162 1.54708397527 0.123477694677 0.125989385948 -0.69592192815 72.2992971408 1.70416435454 3.12957360017 1.5442472427 0.754687953858 54.4249282046 -88.8998646729
0176 1.65090740911 1.5483828204 0.123490836122 0.198766425738 -0.666307548498 73.0447532205 1.70393531512 3.12987508377 1.54418204175 0.779205155069 56.1890587914 -88.8590639951
0177 1.64842180319 1.54930401642 0.123426352325 0.157491834955 -0.720168435378 73.7882788677 1.70414018972 3.12967769641 1.54418983087 0.792896464717 55.5179831066 -88.8483896681
0178 1.64641381745 1.55011114938 0.123827913122 0.438278654794 -1.0971621346 74.2287362821 1.70391583659 3.12989769381 1.54419608027 0.776253865749 56.2702223295 -88.8592142
0179 1.6433787247 1.55098767833 0.123315239151 -0.00802125622859 -0.830602755819 75.2155785991 1.70401191576 3.12980980172 1.54420861697 0.7793281014 55.9172693255 -88.8612706463
0180 1.64077017964 1.55217950697 0.123297331544 -0.110652643927 -0.725094903892 75.9605452362 1.70394246234 3.12975628405 1.54426254544 0.727574696547 55.0131352688 -88.9244937391
0181 1.63840584529 1.55282809237 0.123338639058 -0.075618544333 -0.670053928832 76.7750530274 1.70394384289 3.1299059903 1.5441895291 0.793765754488 56.4140204468 -88.8469795872
0182 1.63603454593 1.55375373899 0.123519810231 0.00445241126995 -0.743379610743 77.5315631532 1.70392836018 3.12978993029 1.5442323199 0.749889127979 55.5489558811 -88.8955598984
0183 1.63336621489 1.55486626944 0.123434623128 -0.0997204584853 -0.604780575979 78.2427963867 1.7039507656 3.12989273822 1.54419924736 0.793951295924 56.3691979517 -88.8445728389
0184 1.63080712684 1.55569134215 0.123299180392 -0.158665844459 -0.530429691833 79.0302846734 1.70393785434 3.12986513374 1.54419460883 0.772841820643 56.141748929 -88.8679659334
0185 1.62862224294 1.55606925535 0.123445196139 -0.0654242145012 -0.635547405231 79.7337195399 1.70402159541 3.129767925 1.54421606161 0.776022702961 55.5431604307 -88.871323738
0186 1.62598571081 1.556735497 0.123324881266 -0.17988054036 -0.578224391332 80.456938367 1.70393976559 3.12986159074 1.54421706238 0.786718327633 56.0588236305 -88.8512323481
0187 1.62306761725 1.55760273714 0.123305153212 -0.175264363315 -0.659806661893 81.2036337073 1.70395784541 3.12981226188 1.54424107584 0.75980764454 55.4819624954 -88.8885619635
0188 1.62090889952 1.55791472955 0.123419370389 0.0733351963787 -0.759639193868 81.9125032653 1.70394885103 3.12987455836 1.5442046054 0.781266362985 56.1596421337 -88.8608442968
0189 1.61883011482 1.55861627308 0.1233981598 0.059826062362 -0.761257941585 82.6838795615 1.70396019198 3.12985000556 1.54421248342 0.768490305395 55.9183508863 -88.8734098734
0190 1.61616089489 1.5594848876 0.123303876485 -0.0462607177599 -0.559153413239 83.552594095 1.70391899727 3.12977029245 1.54425329865 0.729771984784 55.0940307013 -88.9209311905
0191 1.61365197579 1.56009345791 0.123465369007 0.0459243101382 -0.648806640332 84.1833051845 1.70414076417 3.12944399036 1.54441223045 0.657543820349 52.0190289067 -89.0056167754
0192 1.6113206832 1.56053147296 0.123600109551 0.2648571744 -0.74596008174 84.9254414694 1.70418175441 3.12954322857 1.54425824708 0.749237912917 54.1860351195 -88.9013123837
0193 1.60895935655 1.56105992305 0.123889050312 0.422081448729 -0.935562052031 85.4918152635 1.70395805061 3.12969105743 1.54428495118 0.698994545165 54.2931698169 -88.9559617235
0194 1.60573741115 1.56153299084 0.123385743153 -0.0433946753752 -0.634759790012 86.4266733325 1.70412921482 3.12963486327 1.5442463175 0.757545821289 54.5996594825 -88.8936913755
0195 1.60334914551 1.561598643 0.123575213699 0.228342785879 -0.841049664323 87.0456919826 1.70394198464 3.12987384567 1.54420902363 0.769695156661 56.1023926071 -88.870686056
0196 1.60074815783 1.56175764106 0.12351540304 0.0406520436819 -0.855684168879 87.7758644705 1.70407649771 3.12966977709 1.5442403799 0.754866380502 54.8495022776 -88.8951858454
0197 1.59778375865 1.56245850341 0.123335425446 -0.109459666641 -0.673574178219 88.7044204527 1.70392953719 3.12988208168 1.54420789567 0.773019551567 56.1421441483 -88.8626578389
0198 1.59556126429 1.56274450938 0.12338622067 0.0297898452016 -0.667205139447 89.3512775502 1.70394264344 3.1298756537 1.54420264682 0.7777111374 56.1865329687 -88.8595023138
0199 1.59313107573 1.56298594477 0.123454709667 0.0901811639856 -0.683698634138 90.1599155287 1.70391762825 3.12991286841 1.54420033773 0.77282784241 56.4086341288 -88.8613426026
0200 1.59063582373 1.56339333027 0.123614167767 0.165909601273 -0.765377902957 90.7791263078 1.70395064587 3.12981847396 1.54420621755 0.764633533314 55.8120067214 -88.8786897655
0201 1.58797468412 1.56396034712 0.123868331126 0.499716261342 -0.597177543898 91.4354482432 1.70393596604 3.12979479124 1.54426072286 0.731991469344 55.2698229704 -88.9127772878
0202 1.58531898612 1.56358181214 0.123420956946 0.0964777784715 -0.668604069018 92.3014593566 1.70392429886 3.12983173274 1.5442145567 0.759455323395 55.8663916101 -88.886400079
0203 1.58266986677 1.56337190593 0.123275324191 -0.127226064826 -0.61984454144 93.048217067 1.70394618603 3.12979087592 1.54423132723 0.738642868331 55.4523868878 -88.9044099434
0204 1.57966487292 1.56377987802 0.123290951038 -0.00274155343891 -0.713608753478 93.7884039162 1.70395125778 3.12979308606 1.54425529566 0.751645695272 55.3654183908 -88.894679943
0205 1.57759395084 1.56411847657 0.123757840003 0.484076774727 -0.975198207332 94.3006343809 1.70401918193 3.12974100343 1.54421458319 0.762250953331 55.40168114 -88.8804751621
0206 1.57489521586 1.56399714788 0.123190146916 -0.122567361542 -0.820652226927 95.1527702167 1.70421005818 3.12941356409 1.54440162625 0.671414149594 52.1500138478 -89.0007838911
0207 1.57251090664 1.56407450839 0.123465471673 0.171613171848 -0.651979402862 95.9601417837 1.70394708833 3.1298529823 1.54420745878 0.771679498192 56.1035671902 -88.8685901375
0208 1.56942284111 1.56428709507 0.123415152349 0.154372311167 -0.586653897048 96.7368933633 1.70401356658 3.12973795474 1.54421873526 0.777198076647 55.4806575496 -88.8703614045
0209 1.56737294878 1.56403992461 0.123600279725 0.295413224064 -0.618882432207 97.4274670216 1.70390976401 3.1299112904 1.54420892281 0.786608655045 56.3553269355 -88.8534406339
0210 1.56441907152 1.56379474077 0.123419220256 0.204296091817 -0.703093123413 98.204701992 1.70392545665 3.12989467153 1.54420649562 0.779364736444 56.257866818 -88.8622080748
0211 1.56171358574 1.56365364159 0.123319266806 0.085691268843 -0.595147012056 98.9032223373 1.70395963954 3.12976258768 1.54422240275 0.755110093153 55.4158427684 -88.8931292739
0212 1.55898136787 1.56340863946 0.123429855303 0.104392327164 -0.729089292981 99.607993577 1.7039156236 3.12988473853 1.54421722619 0.76918302043 56.0760071411 -88.8666882794
0213 1.55637427693 1.56303917475 0.123013230924 -0.228308011094 -0.823377281938 100.183951435 1.70395265973 3.12990082492 1.54418222967 0.795701099572 56.3936824553 -88.8403027441
0214 1.55417043073 1.56313106469 0.123405168188 0.184992621139 -0.692276837036 101.086536309 1.70402048174 3.12979935447 1.54418115088 0.803895480522 56.1694536598 -88.83367307
0215 1.55160051027 1.56316820424 0.123845700793 0.467455081441 -0.666380014831 101.61143243 1.70393225407 3.12989518804 1.5441943208 0.780892838862 56.3767114421 -88.8586947968
0216 1.54922682085 1.56265637095 0.123561592324 0.283059648842 -0.618811917611 102.402453439 1.70411307244 3.12957509576 1.54434673434 0.705213622993 53.5141456758 -88.953736013
0217 1.5465832398 1.56211535488 0.123458211962 0.20424393576 -0.645769616065 103.254350037 1.70407801371 3.12974532044 1.54419630396 0.792180180969 55.7002552742 -88.8490540165
0218 1.54399823146 1.56204759851 0.123898962527 0.502168694396 -0.910053988621 103.609893599 1.70395891247 3.12986437119 1.54419833033 0.799075556198 56.2693961032 -88.8448448984
0219 1.54072434584 1.56144750901 0.123353919807 0.0906744022335 -0.651309910112 104.64928211 1.70393772848 3.12989116172 1.54419291829 0.784724923574 56.30116401 -88.8511262428
0220 1.53839660455 1.56087468796 0.123400479059 0.208599056726 -0.720248266344 105.44987955 1.70405043418 3.12974318512 1.54419839771 0.789202285854 55.8075120845 -88.8552510361
0221 1.53598100901 1.56056931469 0.123627290744 0.279609513655 -0.74041065602 106.04319254 1.70398235891 3.12983303972 1.54418263708 0.781363922286 56.1872727975 -88.854488998
0222 1.53334892611 1.5603906529 0.123553391 0.270131185894 -0.707229036244 106.707388989 1.70391109943 3.12985795864 1.54421292666 0.763418568483 56.0407797102 -88.8780315275
0223 1.53094373793 1.55974066028 0.123468789169 0.256061660485 -0.672709421207 107.579248759 1.70394341271 3.12959624207 1.54428895375 0.67183721416 53.7318315942 -88.9842445143
0224 1.52860063896 1.55917988878 0.123541901884 0.226295599255 -0.669334975904 108.300620451 1.703929437 3.12987791916 1.54421758493 0.787242446609 56.1268927852 -88.8539938473
0225 1.52559021181 1.55861386249 0.1233974813 0.180321879235 -0.580217710628 109.080329313 1.70398134845 3.12959326431 1.54427217844 0.683121799601 53.8308462466 -88.9709770502
0226 1.52340081042 1.5580352573 0.123618034864 0.474315067976 -0.520744008876 109.815958882 1.70405056188 3.12969772791 1.54422843724 0.761210999775 55.1769352947 -88.884265309
0227 1.52102585449 1.55709500138 0.123525233569 0.282009043218 -0.831306851847 110.471743726 1.7039179259 3.129900667 1.54417664056 0.799420299028 56.4952316828 -88.8398345504
0228 1.51833113993 1.55614619032 0.123359741507 0.218491607567 -0.791728135565 111.245898204 1.70390913254 3.12978180453 1.54424058957 0.736482204821 55.4264893813 -88.9054290763
0229 1.51581140611 1.55582127021 0.123665333679 0.428773340151 -0.793060831565 111.813414407 1.7041735638 3.12951242934 1.54428399769 0.737243793885 53.7739550727 -88.914743459
0230 1.5137848895 1.55511837485 0.123383267365 0.276318714217 -0.759125551524 112.605329421 1.70393655121 3.12977628846 1.54423691579 0.739604124858 55.3350534733 -88.9019149489
0231 1.51081270386 1.5543652222 0.123205599813 0.0287365775025 -0.89544162237 113.329308999 1.70395188882 3.12982139068 1.54421926349 0.755268961199 55.6605576807 -88.8841081157
0232 1.51738308495 1.54984679917 0.115972176804 0.959455232477 -0.783681348839 113.903749412 1.70397481386 3.12982417858 1.54420463368 0.781420544146 56.0585950518 -88.8614012556
0233 1.50512842917 1.55276365843 0.122640619685 0.00574387227482 -0.47775126681 114.986885596 1.70390624822 3.12992234589 1.54415554945 0.797163571405 56.7531388803 -88.8396036133
0234 1.50435775752 1.55217597573 0.124124566079 1.0948019161 -0.845352462878 115.449103855 1.70397444354 3.12962554748 1.54426446574 0.693669556142 54.1273280692 -88.9576991937
0235 1.50126260441 1.55084982538 0.123387397136 0.283735171939 -0.745192534742 116.37642972 1.70393346037 3.12971623382 1.54429107911 0.697768784221 54.3817728143 -88.9579562845
0236 1.49802182076 1.54976407879 0.122971473085 -0.225909859042 -0.807410127748 117.00550455 1.70393258264 3.12987049191 1.54420112644 0.774644527223 56.196411136 -88.861847751
0237 1.49579373343 1.54869961477 0.122995067753 -0.109466248944 -0.929314693055 117.690325425 1.70420561251 3.12943729428 1.54438963124 0.675874108229 52.2949819317 -88.9900122397
0238 1.49430299899 1.5480484529 0.123679960742 0.691398610286 -0.827074738399 118.481291193 1.7039219745 3.12988479174 1.54420660931 0.781870418746 56.2679294002 -88.8585503145
0239 1.49141874911 1.54702705184 0.123359901271 0.238536492126 -0.676547742793 119.418307572 1.7041456184 3.12949423213 1.54437918631 0.686728023837 52.7782360435 -88.9773548895
0240 1.48852915149 1.54610690984 0.122956184944 -0.170665613606 -0.740941955323 120.022621236 1.70411785026 3.12962942766 1.54424317587 0.753727451899 54.7463059363 -88.8908799744
0241 1.48680552511 1.54504629218 0.123284891704 0.200005850178 -0.731688234053 120.878323136 1.70692956642 3.1295849564 1.54431611132 -179.500308129 41.9488154236 -89.4317963316
0242 1.48444538188 1.54382166719 0.123554439938 0.42964456759 -0.765746615648 121.583944981 1.70393170274 3.129876813 1.54421301494 0.769844614153 56.1268191462 -88.8650503159
0243 1.48139301746 1.5424940659 0.122913367061 -0.25252549416 -0.780731725425 122.297043121 1.70413343211 3.12964240251 1.5442430778 0.768029390698 54.8232131748 -88.8787075782
0244 1.48735519846 1.53749145223 0.115862203109 0.198084546713 -0.708782493441 123.084644073 1.70391863815 3.12988694198 1.54419637059 0.780144743034 56.2287790478 -88.8599533021
0245 1.47678754001 1.53971799911 0.122927452636 0.0617344704135 -0.875390054639 123.748956633 1.70407101493 3.12967536921 1.544241081 0.759535030181 54.9261834312 -88.8928184049
0246 1.47480376093 1.53849060203 0.123181635647 0.0989841354156 -0.725541406836 124.649733392 1.7042154686 3.12942115474 1.54440513577 0.68018417244 52.1574637912 -88.9829065845
0247 1.47683557327 1.53519217826 0.118853272877 0.0143228707518 -0.852807834811 125.225750495 1.70405526621 3.12975224895 1.54421516107 0.784865369651 55.5531947202 -88.8580549753
0248 1.47004457041 1.53609367771 0.122980875103 -0.302728404509 -0.898457548116 125.995232544 1.70406722921 3.129657274 1.54423443528 0.762576557626 55.0239494739 -88.8794906913
0249 1.46782887981 1.53474115696 0.123022786614 -0.164070056259 -0.877201210972 126.723007665 1.70391862151 3.12989505366 1.54421144545 0.78672126216 56.2627466673 -88.858616596
0250 1.46529095522 1.53338128666 0.122958489966 -0.147869137021 -0.773009304433 127.46415566 1.70391711362 3.12988437692 1.54420969109 0.78014648015 56.2445895614 -88.8564854042
0251 1.47511812772 1.52671408005 0.113108789768 0.509077128573 -0.888158470707 128.172136743 1.70407902876 3.12970439843 1.54419981422 0.781211444772 55.3904459496 -88.8640034609
0252 1.46116675507 1.53009675191 0.122970129431 -0.220655975129 -0.949497062645 128.843519957 1.70392878937 3.12990767508 1.54419272129 0.801670265049 56.4920999265 -88.8317894753
0253 1.45876068586 1.52840568631 0.122881185451 0.265824741413 -0.633723694231 130.003339226 1.70409788889 3.12949051321 1.54435936754 0.67658578973 52.8078544405 -88.9903302387
0254 1.45651745453 1.52694148994 0.122849643797 0.248191532313 -0.613915451645 130.747532203 1.70410305056 3.12955486431 1.54427899065 0.721614047487 53.9466870381 -88.9349201579
0255 1.45371950998 1.52562834896 0.122079919627 -0.0863045423387 -1.11015909655 131.144001313 1.7039166294 3.12984394006 1.54422466185 0.767906079316 55.8898277226 -88.8755423008
0256 1.45188996654 1.5241315472 0.122336442878 0.245615000395 -0.947921185259 131.992283231 1.70417681225 3.12952208745 1.5442770682 0.736548391233 53.8290397749 -88.9169278992
0257 1.45031163718 1.52285169639 0.122895845494 -0.362416132562 -0.796736028778 132.630270588 1.70394581627 3.12979007732 1.54423109618 0.743156337347 55.3697292672 -88.9028517526
0258 1.44923131508 1.52139512974 0.123694068106 0.644172307736 -0.73052824319 133.628167049 1.70392904499 3.12987964606 1.54420124072 0.778725335303 56.1114333918 -88.859565342
0259 1.44566187989 1.51912615459 0.122343870661 0.180755015191 -0.988511925157 134.281540254 1.70393366538 3.12987206098 1.54419677871 0.782254007277 56.212177208 -88.858624342
0260 1.44349402664 1.51757479348 0.122224206013 0.166368954116 -0.888933334978 134.974913341 1.70397956531 3.12980967795 1.54419950679 0.780434691617 55.9931213516 -88.8574858758
0261 1.44103569644 1.51559284394 0.121914042277 -0.165683017367 -0.74936519163 135.738960278 1.70392248617 3.12991007575 1.54418002859 0.791971348654 56.5433147918 -88.8438395339
0262 1.43950095044 1.51396494325 0.121944655437 -0.140051329674 -1.14048110977 136.332382524 1.70391474153 3.12988413962 1.54419990021 0.781002439502 56.2734173317 -88.8567960192
0263 1.43754652835 1.51240288799 0.121958254308 -0.121027682884 -0.794438054114 137.152953292 1.70417375025 3.1295477905 1.54422121449 0.751320860715 54.3299066393 -88.8962424733
0264 1.43535075655 1.51063966283 0.122251170341 0.0829212244862 -0.872584035384 137.949738368 1.70390487228 3.12988853424 1.54421783577 0.780301581668 56.2769768415 -88.8587308261
0265 1.43385685232 1.50922393508 0.122168800093 0.284449123086 -0.853462606373 138.675085373 1.7039385839 3.12987565826 1.54420544332 0.779679085418 56.2052341427 -88.8586832268
0266 1.44482576696 1.50206987863 0.1127171041 0.275349749908 -0.874548150201 139.439437457 1.70394325023 3.12964774184 1.54429351091 0.699777846313 54.1188008093 -88.9527215703
0267 1.43076061012 1.50541215878 0.122876944737 0.278584250017 -0.637455065491 140.454701774 1.70395533691 3.12981210845 1.54422401387 0.757020206813 55.5107932927 -88.8820020114
0268 1.43418253206 1.50111899616 0.118297071423 0.268909984367 -0.673060263392 141.043723422 1.70391586782 3.12988198808 1.54421461389 0.775961684157 56.203177285 -88.8645237038
0269 1.42767237406 1.50146314039 0.123041350478 -0.0449732066736 -0.895537973575 141.643734637 1.703923877 3.12989012349 1.54419806732 0.794525356042 56.3344410007 -88.8386819808
0270 1.42488718627 1.49924112092 0.122234697168 0.0716703017274 -1.05360318059 142.315873768 1.70393259287 3.12992172556 1.54416573547 0.808351002323 56.9959201761 -88.8280395229
0271 1.43533403427 1.49230223824 0.112384241802 0.0870148610212 -0.80178645166 143.163546306 1.70399940371 3.1297152797 1.54422255782 0.761830044228 55.3245385205 -88.8845684065
0272 1.42116018836 1.4957609354 0.122213439571 0.14465223957 -0.96017072924 143.875122411 1.70413805219 3.12960686092 1.54423025698 0.775743718343 54.9338322896 -88.8699890575
0273 1.42007863648 1.49378862887 0.122695361786 0.025936028822 -0.607125916723 144.892318511 1.70391645072 3.12988910156 1.54419831124 0.775614903216 56.2757666644 -88.8561664679
0274 1.41745078421 1.49185144232 0.122171211728 0.0746255290558 -0.857119634557 145.318102759 1.70407022919 3.12945027781 1.54437808079 0.653941929568 52.4656397288 -89.0105323821
0275 1.42810195848 1.48434460216 0.112452367826 -0.0341007306603 -0.752794288928 146.185783022 1.70390442301 3.12988459433 1.54419916554 0.777816406377 56.1993895355 -88.8630257709
0276 1.42688461335 1.48225078063 0.11255241423 -0.0100369357782 -0.856928586355 146.879770028 1.70411994597 3.1296576174 1.54420855014 0.780806196613 55.3005641638 -88.8625312037
0277 1.41313382944 1.4851536037 0.122691502027 0.0312681100826 -0.67879290936 147.830682147 1.70392913438 3.12985947246 1.54421661704 0.765560162406 56.0064276338 -88.8772931743
0278 1.41132639257 1.48313987471 0.122489642042 -0.714060550453 -0.87733619843 148.188935115 1.70407125824 3.12972383315 1.5442003886 0.786464314806 55.5217858698 -88.8522323815
0279 1.40980614758 1.48122816378 0.12258818916 -0.503391469573 -0.824241575364 148.951990259 1.70391214425 3.12987612164 1.54421794836 0.780348796271 56.0917719198 -88.8634944223
0280 1.40840912159 1.47933152368 0.122680302727 -0.165687512713 -0.693964986453 149.875975368 1.70406244558 3.12963171917 1.54425709497 0.736515079786 54.5579927073 -88.9140811342
0281 1.41884317911 1.47207959552 0.112308828687 -0.0520950757394 -0.702656437985 150.563825763 1.70391016298 3.12984314588 1.54423040518 0.75242903375 55.7830254941 -88.8885934234
0282 1.4050021539 1.47492509718 0.122602970724 0.0034532217769 -0.443441025229 151.491618466 1.70412235222 3.1296597267 1.54422534887 0.778948489852 55.0855569663 -88.8604844897
0283 1.4091792583 1.47060333192 0.118040250694 -0.0745096156739 -0.733319425593 151.923328737 1.70404833909 3.12964703681 1.54427409621 0.739377386841 54.532021506 -88.910973735
0284 1.41307622358 1.46614334289 0.113772937988 -0.475552565492 -1.01229709903 152.711011097 1.70396907407 3.12984791627 1.54418174783 0.780471112783 56.2210432628 -88.8650677973
0285 1.40040456324 1.46775666441 0.121076936148 -0.356535033026 -0.586998546879 153.45511989 1.70390592851 3.12993185225 1.54418493412 0.800315322501 56.5852719379 -88.8303942386
0286 1.4117254284 1.46047871737 0.112008407074 -0.209480878294 -0.814022465365 154.187553688 1.7039327307 3.12986243354 1.54419806321 0.778988186559 56.0911217456 -88.8591448352
0287 1.41052761401 1.45842247967 0.112013942088 -0.122233041797 -0.830451079245 154.922501466 1.70421977144 3.12935042388 1.54446110331 0.652091360795 51.3579165644 -89.017877486
0288 1.39833473878 1.46073235231 0.121059885737 -0.0693901321852 -0.526627824983 155.857564079 1.70412760243 3.12966565027 1.54419640736 0.79217705338 55.3742723926 -88.8520103521
0289 1.40730442861 1.45378170171 0.111859713706 -0.274040414762 -0.54969339029 156.503350898 1.70390797082 3.12984940782 1.54421831652 0.766805715077 55.8989509358 -88.8784811296
0290 1.39324368831 1.45696774722 0.121542869018 -0.295774526872 -0.596195895527 157.116351305 1.70391584986 3.129897326 1.54420487942 0.78097986223 56.2768434581 -88.8557984293
0291 1.40505771324 1.44917748152 0.111969584831 -0.284963182039 -0.680400345248 157.941017576 1.70412119327 3.12963772349 1.54421472647 0.771750350607 55.1679523505 -88.8685921789
0292 1.39111781282 1.45201805608 0.12187596594 -0.12131105968 -0.745346616576 158.611344912 1.70392544313 3.12989931752 1.54422153502 0.781649912483 56.3125811924 -88.8491186859
0293 1.40281689341 1.44421357309 0.111752281175 -0.247522830621 -0.726149681205 159.399788709 1.70401175711 3.12971204579 1.54424490744 0.751256980861 55.0005302525 -88.8982708671
0294 1.40194525487 1.44173728499 0.111712840658 -0.264555894135 -0.695238295754 160.224796473 1.70408381899 3.12985064596 1.54420582475 -7.29585878592 56.0133637859 -90.3297825888
0295 1.39637656188 1.44182112913 0.115983424196 -0.283254878471 -0.817408648232 160.75242694 1.70405378935 3.12949928268 1.54435900113 0.665158762599 52.8659262586 -88.9977985436
0296 1.39025995365 1.44100431079 0.119377702893 -0.232831868999 -0.47474661948 161.728498237 1.703917292 3.12990056106 1.54419533959 0.789507430138 56.4184602403 -88.8545806579
0297 1.38544553278 1.44028489345 0.121587982505 -0.0950782214667 -0.730177014427 162.351030947 1.70392284878 3.12985902404 1.54422367586 0.767379331462 55.9685618003 -88.8706954567
0298 1.39727557173 1.43287212909 0.111861915797 -0.195319351081 -0.651385747323 163.073380031 1.70393679658 3.12977368979 1.54425294043 0.742337613415 55.2797513935 -88.9028642693
0299 1.39614183169 1.43011143816 0.111502857679 -0.330980676477 -0.590719565537 163.841381107 1.70416397546 3.12940553988 1.5444177557 0.660654594122 51.992881311 -89.0080550784
0300 1.39523285307 1.42784897618 0.11161275867 -0.169386019237 -0.542497226374 164.495812799 1.70391779893 3.12989379597 1.54419750931 0.776554913691 56.2773791073 -88.8656821717
0301 1.39456822447 1.42542660046 0.111620823526 -0.183211462126 -0.648116609697 165.192671042 1.70412901718 3.12963755743 1.54420573617 0.772186921987 55.0653043227 -88.867690729
0302 1.38076781025 1.42746903828 0.121473282601 -0.154309897172 -0.688938011492 166.005968038 1.70393610732 3.12986032012 1.54420133757 0.768578219381 56.1195980202 -88.8709555716
0303 1.37971300355 1.42483963355 0.121438968921 -0.22607101376 -0.655500516484 166.713835321 1.70422572298 3.12940498119 1.54441993946 0.677194920191 52.0060528244 -88.9873015014
0304 1.39198541204 1.41758037626 0.111293436476 -0.0707827257597 -0.452164767344 167.497764778 1.70401343861 3.12980712986 1.54418632797 0.800604036695 56.0844095926 -88.8400704459
0305 1.37875299548 1.42059564194 0.121806589191 -0.436897051645 -0.581372049841 168.125857901 1.70392894693 3.12986066076 1.54421622347 0.78466931109 56.0333383445 -88.8566788443
0306 1.37781186413 1.41736991743 0.121048087983 -0.204700383264 -0.509326971621 168.927358795 1.7039292121 3.12983725416 1.54423467309 0.782013380596 55.7604252028 -88.8632767739
0307 1.37665096324 1.41550695083 0.121377221254 -0.104587830086 -0.585148224806 169.736107819 1.70402643282 3.12972555167 1.54425491944 0.754015481583 55.1099016561 -88.8895979531
0308 1.3888916587 1.40764478994 0.111480216781 -0.299598290584 -0.510792843281 170.488089201 1.70393849342 3.129791402 1.54425193014 0.736232574087 55.2077174783 -88.9134341826
0309 1.38819540633 1.40512247439 0.111324892649 -0.288300237456 -0.498193998146 171.245287207 1.70395636703 3.1297240573 1.54427750365 0.720164430359 54.6228616028 -88.9347395973
0310 1.37474791765 1.40712605501 0.121266791511 -0.19845253475 -0.59701723534 171.956230029 1.70390924289 3.12990079765 1.54420405155 0.778615861248 56.2913945858 -88.8629426769
0311 1.37426492126 1.40496845111 0.121188545288 -0.150840065795 -0.63836272281 172.693621335 1.70414168264 3.12951528161 1.54434735147 0.685408114576 53.1086898576 -88.9680105104
0312 1.37369384112 1.40276505932 0.121210145991 -0.0790627183529 -0.617025108151 173.478997166 1.70394273043 3.12986522525 1.54421627793 0.775359420052 56.0247497746 -88.862567793
0313 1.38564173252 1.39498827527 0.111067787454 -0.248671161739 -0.326530374985 174.327162993 1.70392032832 3.12991272514 1.54418046846 0.792742056601 56.50629489 -88.841928891
0314 1.37233322452 1.39781340932 0.121223219403 -0.0216528575491 -0.50550543132 174.966527005 1.70411379171 3.12958958702 1.54427287777 0.734962969394 54.283429895 -88.9185987131
0315 1.3718051735 1.3951805028 0.121076251496 -0.305314043913 -0.269852132837 175.604929513 1.70393843309 3.12990061448 1.54417971582 0.795931719883 56.4331781206 -88.8501656855
0316 1.37756675454 1.39039040582 0.116348410187 -0.127980105114 -0.448200121049 176.464227481 1.70393427277 3.12990815182 1.54417271918 0.790079801213 56.5214864605 -88.8439202439
0317 1.37395127421 1.38871731821 0.118810372518 -0.170343500012 -0.463143330763 177.20061756 1.70390049656 3.12990216627 1.54420135125 0.788062567263 56.3238992878 -88.8550216281
0318 1.37105140856 1.38751235714 0.121102438724 -0.0344654353272 -0.67241124995 177.917101486 1.70393946584 3.12989399139 1.54415550613 0.799593277489 56.5339927777 -88.8441521935
0319 1.37075233234 1.38491901597 0.121178584494 -0.0933457690235 -0.695947356265 178.655289537 1.70403559364 3.12971993726 1.54422175624 0.771749861811 55.3916114794 -88.8770972812
0320 1.36990841882 1.382231548 0.120783229307 -0.359836431796 -0.357758356906 179.382075452 1.70392747677 3.12987892241 1.54421449263 0.776044040913 56.0995613859 -88.8652995844
0321 1.38265054285 1.37479371828 0.111133140656 -0.227969998829 -0.357343862377 -179.862485432 1.70415487217 3.12947027751 1.54440458068 0.680498770653 52.4289620139 -88.9822507508
0322 1.36965579335 1.37753792442 0.121244540119 0.0540830586443 -0.556041475607 -179.141406186 1.70402515163 3.12971545237 1.54423233699 0.745010061691 55.1298137305 -88.8962562124
0323 1.36930985653 1.37489213493 0.121242362435 0.0477977140573 -0.512772561182 -178.367025709 1.70390073736 3.12990363125 1.54422053285 0.783267880865 56.2841686143 -88.852955546
0324 1.36899971755 1.37208952083 0.121130153268 0.0143340883248 -0.441904068102 -177.640506619 1.70394666593 3.12977942222 1.54422466846 0.752230719166 55.4152213433 -88.8949460149
0325 1.38213848848 1.36459863999 0.110797307575 -0.0481131464254 -0.417694355609 -176.922644686 1.70400013347 3.12976340929 1.5442055842 0.778496677946 55.5869467558 -88.8686815178
0326 1.3692691946 1.36714299729 0.121099365292 0.0273389715549 -0.673868718854 -176.190889169 1.7039423171 3.12984478261 1.54420070048 0.764197915249 55.8962452173 -88.8730034566
0327 1.38015429754 1.35975035618 0.112072599448 -0.085158819906 -0.339865960608 -175.396372743 1.7039284767 3.12986228455 1.54421020437 0.771250157865 56.0519276937 -88.8696268889
0328 1.36873912701 1.36158915048 0.120735403158 -0.267103493003 -0.299951139425 -174.69325085 1.70391855762 3.12990807047 1.54418894509 0.788348071664 56.341572858 -88.8454764671
0329 1.36870753865 1.35939183442 0.120790217021 -0.205521508019 -0.286538055792 -174.002062276 1.70402330819 3.12950242247 1.544345465 0.655033546407 52.7890516068 -89.0088035491
0330 1.38152632934 1.3514660007 0.110907465879 0.00472554747514 -0.254180499002 -173.176646442 1.70395252826 3.12982822441 1.54421734744 0.746939716649 55.5918772257 -88.8980332496
0331 1.36869925776 1.3538334623 0.121062915847 0.157463264973 -0.349189927445 -172.401447863 1.70405831282 3.12972138401 1.54422372688 0.771153803005 55.203708298 -88.8716583888
0332 1.3818098165 1.34673400441 0.110893467227 0.14713144755 -0.290375697203 -171.78062186 1.70408602557 3.1297358251 1.54417548546 0.802376388168 55.7741983077 -88.8389578654
0333 1.38204311171 1.34405494712 0.110855572827 0.0838813540602 -0.223576476049 -171.061780945 1.7039146686 3.12990986365 1.54420575128 0.779980414868 56.3171004721 -88.8558703115
0334 1.38222246163 1.34103391668 0.110743206194 -0.0854835653982 -0.267705150206 -170.252779884 1.70402259845 3.1297357688 1.54421359801 0.772477862922 55.3705182356 -88.8742145571
0335 1.36974193885 1.34341379939 0.12094238622 0.224459117048 -0.458262727134 -169.5728699 1.70411622391 3.12965284866 1.54421456396 0.77323170041 54.8774103209 -88.8728741924
0336 1.36981669071 1.34123119605 0.120743718925 0.0970912846003 -0.57338653417 -168.904030415 1.70395949726 3.12974034751 1.54424585122 0.714624857135 54.7137033481 -88.9323290098
0337 1.38278230887 1.33373421159 0.110839819377 0.237094042632 -0.217686826112 -168.115947142 1.70394879993 3.12982082408 1.5442128898 0.753481591559 55.6435826258 -88.8856529802
0338 1.38101562462 1.33175291987 0.112152638446 0.145484601601 -0.19874010905 -167.411860024 1.70391734578 3.12989152836 1.54419947981 0.778176506367 56.0671201235 -88.8635546168
0339 1.37053978091 1.33345917887 0.12115194455 0.20606689933 -0.419433925751 -166.73284103 1.70391938655 3.12992163812 1.54418271768 0.804471386677 56.6087093974 -88.8256674831
0340 1.37087241969 1.3312253585 0.120952917062 0.371683019286 -0.423349700219 -165.951607535 1.70391391179 3.12991544928 1.54418491807 0.784161148698 56.5083708254 -88.8519892612
0341 1.38406992042 1.32338964132 0.110670431295 0.229556536663 -0.130792548479 -165.189008166 1.70392691547 3.12988383931 1.54420323728 0.782011633557 56.3900198467 -88.8558784932
0342 1.37220282141 1.32567421327 0.120576893766 0.285440095529 -0.436007083454 -164.488925907 1.70391976825 3.12988352805 1.54421576583 0.777453945988 56.0864289136 -88.8677167193
0343 1.38541865149 1.31844822775 0.11059614717 0.121569870579 -0.316558195013 -163.830817917 1.70393095371 3.12980374258 1.54422690542 0.751688452348 55.6386943695 -88.894565782
0344 1.38331125919 1.31684567325 0.112697672993 0.406195369157 -0.23603924251 -163.071106585 1.70392021776 3.12989961937 1.54419054616 0.791075079634 56.40027289 -88.854159784
0345 1.37312965868 1.31785582634 0.120797887794 0.396364904625 -0.357099045942 -162.329014225 1.70391881021 3.12989063513 1.54421811197 0.794713161569 56.3450726154 -88.8429577885
0346 1.37368469216 1.31589797763 0.121005507929 0.541207758495 -0.373692624334 -161.581594179 1.70405882165 3.12968435566 1.54424248968 0.76699241553 55.0970588374 -88.8843216394
0347 1.38730677671 1.30841691499 0.110754889773 0.196685338339 -0.250042363289 -160.871643054 1.70393770974 3.12988173845 1.54419807554 0.785761402842 56.2906877433 -88.8538967933
0348 1.37482821407 1.31050391719 0.12101109434 0.378813659501 -0.403449251006 -160.113931468 1.70390540248 3.12988101933 1.54424550994 0.772645526018 55.9996773688 -88.8708876585
0349 1.37559680036 1.30795023553 0.120802015327 0.416849828401 -0.380334453963 -159.36640052 1.70406071896 3.12970178781 1.54422164621 0.774039985389 55.3381671868 -88.8720285697
0350 1.38647364458 1.3017439906 0.112871829838 0.366875320222 -0.240262376686 -158.697766378 1.70392008147 3.12986839339 1.54421416633 0.766349260729 56.0865974916 -88.8725111977
0351 1.3771559648 1.30297891092 0.120533765342 0.283003684174 -0.499776660278 -157.970726695 1.70414548746 3.12956796363 1.54427798402 0.73856688896 54.2184658502 -88.9121635913
0352 1.37797304426 1.30008557849 0.120732122744 0.343121176295 -0.309177210468 -157.230636895 1.70596523748 3.12947791598 1.5444704792 -112.420042543 45.4602037178 -95.3537564202
0353 1.39138888592 1.2935568062 0.110491491635 0.368646932711 -0.0993374093464 -156.517348416 1.70392064152 3.12990726292 1.54419063976 0.789438673506 56.512515598 -88.8449629806
0354 1.3793991439 1.29599262139 0.120839501951 0.565922551982 -0.413253597452 -155.791176365 1.70394287899 3.12987689978 1.54419070817 0.781092604169 56.1872302943 -88.8559512052
0355 1.38011054037 1.29300808249 0.120732717024 0.725664904791 -0.297704326055 -154.914724045 1.70393552941 3.12988285953 1.54421806989 0.779876411771 56.2610389269 -88.8599219613
0356 1.38834919614 1.28814472988 0.114804812523 0.45303349164 -0.131705450501 -154.389486833 1.7040313432 3.12968116012 1.54425244812 0.738313393239 54.7307974269 -88.913378789
0357 1.38177913002 1.28874348243 0.120532377797 0.385974359434 -0.135612113001 -153.786683812 1.7040449334 3.1296865859 1.54431076221 0.737425077296 54.4493665431 -88.9190920668
0358 1.38321530149 1.28589171966 0.120852433197 0.606211485471 -0.423735991013 -152.812697533 1.70394821909 3.12983136369 1.54422143369 0.771377133035 55.899328179 -88.8691610255
0359 1.38421844839 1.28326039599 0.120633815995 0.491559444217 -0.325492896069 -152.155308149 1.70392574199 3.12990293044 1.54419508859 0.788969453864 56.4150500376 -88.849973348
0360 1.39678611195 1.2768173655 0.11150550342 0.372844708121 -0.284540259232 -151.393512507 1.7039081956 3.12991245439 1.5442086292 0.776721819469 56.368750442 -88.8629229218
0361 1.38630361104 1.27878020383 0.120833889231 0.627761686448 -0.434146858124 -150.573743725 1.7041426845 3.12954600372 1.54435786321 0.705363279707 53.1849949374 -88.9504571195
0362 1.40000647133 1.27119117382 0.110371129089 0.312205399415 -0.138303046919 -149.878597057 1.70586569845 3.12968997646 1.5442842225 -121.142297472 45.8125481726 -98.8843726863
0363 1.38817907136 1.27378071905 0.12077949307 0.616256147528 -0.333632477305 -149.107180829 1.70416818668 3.12943335954 1.54435625051 0.688307803331 52.6372109324 -88.9680338732
0364 1.38921923782 1.27185320542 0.120710869408 0.605494214556 -0.250179410007 -148.500064395 1.70393278823 3.12985810287 1.54420781201 0.785511524519 56.0606385606 -88.8548254417
0365 1.39053267347 1.26923551726 0.120895822421 0.766696465165 -0.347443516367 -147.521549917 1.70393667603 3.12972638692 1.54426247957 0.726137958475 55.0047282728 -88.9238944072
0366 1.3918147981 1.26683781278 0.120635617092 0.536572899213 -0.383868950027 -146.882040951 1.70413144232 3.12951428024 1.54431349576 0.710277453302 53.5731697911 -88.9430284084
0367 1.39316770976 1.26497762225 0.120820289495 0.651623680902 -0.48831368283 -146.19075359 1.703902359 3.12990479591 1.54419009148 0.792290699856 56.4474619326 -88.8421985329
0368 1.4073687547 1.25789161361 0.110453013317 0.510883963188 -0.261411856926 -145.406053252 1.70397059578 3.12960748388 1.54427578898 0.6854431817 53.9605340225 -88.9743751074
0369 1.39561678813 1.26027760541 0.120895217623 0.741463753418 -0.416649801049 -144.594623522 1.70418534382 3.12942254427 1.54442673546 0.658374928962 52.0395522316 -88.9986880804
0370 1.40971796586 1.25318728533 0.110243545962 0.429142016263 -0.347637946463 -143.960006545 1.70403430545 3.12976217464 1.54421376888 0.780857258185 55.6650262403 -88.8616912303
0371 1.39797378099 1.25595347306 0.12096709062 1.01486388817 -0.370097181662 -143.208091163 1.70395717098 3.12985722418 1.54421250849 0.775033186133 56.0710695955 -88.8666519933
0372 1.39925036232 1.25410779071 0.120880215157 0.793740759712 -0.468017368811 -142.432431018 1.70392014053 3.12990666124 1.54419844153 0.786028578239 56.3924183123 -88.8518614049
0373 1.40071219856 1.25147252215 0.120791166786 0.627329807629 -0.289080361786 -141.717821634 1.70391466178 3.12989561018 1.54418556839 0.776312167383 56.3292625232 -88.8625659237
0374 1.40236749127 1.24986678539 0.120861762851 0.849920183325 -0.527266007931 -141.002687032 1.70416198029 3.12957531669 1.54424016975 0.758499357161 54.5924573982 -88.8871889752
0375 1.40392480403 1.24761870549 0.120957272419 0.838007187877 -0.569238109464 -140.265482382 1.7041094287 3.12958302584 1.54426903871 0.72455129019 54.1693228683 -88.926499131
0376 1.40574220696 1.24519314196 0.120819670199 0.765959193873 -0.61377344754 -139.378917837 1.70392240426 3.12988396818 1.54421072713 0.778758894367 56.1148693295 -88.863637352
0377 1.41990113764 1.23841254687 0.110449363815 0.555451364058 -0.421216830186 -138.660799572 1.7039360664 3.12990047666 1.54420144949 0.788768172229 56.4266004929 -88.8527627372
0378 1.40864471903 1.24122183133 0.121001652398 0.897994130423 -0.659930060541 -137.853412651 1.70394649742 3.12980367838 1.54424498293 0.759197706464 55.3465107307 -88.8865320668
0379 1.41744552045 1.23657725037 0.114756936471 0.732050142592 -0.501914838764 -137.188441178 1.70392779841 3.12987480622 1.54420619329 0.768061092165 56.0771422612 -88.8696400085
0380 1.41127433392 1.23694618381 0.120680464712 0.598452767813 -0.360312779847 -136.487754986 1.70416928808 3.1295310931 1.54428752908 0.750483236682 53.9425893519 -88.9032119123
0381 1.42430708276 1.23103437606 0.111809039184 0.644919983751 -0.461070001364 -135.683910675 1.70395349607 3.12990802989 1.54418295536 0.785295932031 56.4842408853 -88.8491256944
0382 1.41483221241 1.23314001275 0.121064087259 0.878313715292 -0.695638836178 -134.890114397 1.70405438427 3.12974123166 1.54419616012 0.7881114315 55.6652491591 -88.8535969689
0383 1.4167438769 1.23105411458 0.120913049161 0.875250115418 -0.657828726451 -134.188034004 1.70399277659 3.12981360715 1.54420952994 0.78647397622 55.9078160437 -88.8506322354
0384 1.41831704341 1.22910673818 0.120593575705 0.442789072971 -0.463496615488 -133.611619471 1.70390257468 3.12993810486 1.54418822091 0.797724930376 56.6981200806 -88.8381082871
0385 1.42020069134 1.22739176825 0.120908764315 0.876473807486 -0.746669974603 -132.731405154 1.70392737217 3.12991378433 1.54417923052 0.797653485467 56.5382071433 -88.8438988084
0386 1.4215742935 1.22546305081 0.120687705452 0.620852665436 -0.726258725838 -131.974316538 1.70393326685 3.12988084532 1.54420911774 0.778682673885 56.0876955111 -88.8588983155
0387 1.42348249578 1.22291088407 0.120989018618 0.80864059621 -0.506342008341 -131.137203529 1.70392672372 3.1298907385 1.54421008327 0.779331057209 56.3029810148 -88.8607248495
0388 1.42500214939 1.22155194273 0.121013570352 0.950818906362 -0.624306010759 -130.4946748 1.70405344184 3.12961787235 1.54430946255 0.707898944519 54.0027248955 -88.9415112666
0389 1.42812539238 1.22014467703 0.121627249624 0.817409527369 -0.598254359341 -129.710340054 1.703947432 3.12986062712 1.54421137943 0.775010965075 56.046163645 -88.8707546705
0390 1.44176041029 1.2127130741 0.110597631384 0.600010452856 -0.424241873251 -128.973020264 1.70398194405 3.12955712641 1.54438705833 0.642133076223 52.7350983285 -89.0234103168
0391 1.43770466781 1.21309460496 0.115264478353 0.788012447449 -0.42698035634 -128.268960155 1.70414245009 3.12960847649 1.54423234495 0.765515825234 54.8123043847 -88.8784804961
0392 1.44584348157 1.20937466935 0.110498932046 0.484962298611 -0.611994744143 -127.535792389 1.703921124 3.12991231112 1.54417534366 0.794047940874 56.5385414483 -88.8433666157
0393 1.4363869966 1.21194356741 0.119743676824 0.766361867248 -0.67454915596 -126.832910907 1.70398528286 3.12970226139 1.54428458737 0.713746473411 54.5162099926 -88.9421225525
0394 1.43669574312 1.21042895319 0.120958884469 0.860944284114 -0.663063926299 -126.018981325 1.70553469435 3.12961453736 1.54433056568 -101.494473326 47.0289248968 -97.8573736804
0395 1.45137714302 1.2040033944 0.110368667736 0.358393032348 -0.454947337361 -125.187301595 1.70423376639 3.12935855381 1.54443790084 0.654167719515 51.4327720787 -89.0213674111
0396 1.45320466457 1.20249591407 0.110622355778 0.612549257305 -0.595479102826 -124.62761633 1.70391823842 3.12991703887 1.54420659957 0.792031501067 56.4992417563 -88.8381860937
0397 1.45515615546 1.20056828609 0.110547263484 0.653718026048 -0.585378158873 -123.737583027 1.70533817989 3.12970537321 1.54426004545 -90.5805216241 49.2424575468 -99.6683065619
0398 1.4445428042 1.20370893522 0.120812827025 0.685080430667 -0.724302774054 -123.095359878 1.70389787614 3.12988832418 1.54421159525 0.777074524657 56.1130582996 -88.8639104791
0399 1.45947383472 1.19742016892 0.110527389065 0.415094615362 -0.635711162909 -122.359884367 1.70393377557 3.12990476724 1.54417436489 0.793979040028 56.4544475011 -88.8417624399
0400 1.45595046044 1.19806290124 0.115154365282 0.696155336491 -0.64505258849 -121.658009423 1.70405311772 3.12977564841 1.54419206352 0.802363975812 55.9047809044 -88.8397593175
0401 1.45605805257 1.19759957645 0.118295810202 0.439953161366 -0.645955167264 -120.878765087 1.70394562936 3.12968111429 1.54431688876 0.678191809589 53.8027767603 -88.9745880842
0402 1.46582239517 1.19271858255 0.110632877135 0.36903962956 -0.695415387082 -120.198772593 1.70392215746 3.12984432089 1.54416695105 0.821323082092 56.0316729981 -88.8228441981
0403 1.46783657629 1.19138694659 0.110824106178 0.296285818932 -0.693168957914 -119.474506607 1.70403702456 3.12973316739 1.54422065071 0.778761003325 55.4440332121 -88.8688335483
0404 1.46756557701 1.19085811989 0.112966536487 0.495821281759 -0.584423793058 -118.688693055 1.70396110641 3.1296854321 1.54425016287 0.710736009879 54.6370767229 -88.9376322075
0405 1.47221419159 1.1880435271 0.11059688384 0.351429810632 -0.581451924813 -118.038646839 1.70392744187 3.12987413007 1.54420129163 0.763440779338 56.1012692504 -88.8761489822
0406 1.47438638188 1.18682101312 0.110581854284 0.372974645331 -0.65027973773 -117.252091601 1.70393618713 3.12989063402 1.54419499331 0.789464690902 56.3091235154 -88.8588153385
0407 1.46500596767 1.1909084602 0.121624949491 0.773328058185 -0.682499541141 -116.527881478 1.70393338833 3.12987771261 1.54420889106 0.773085273977 56.121819658 -88.8655824494
0408 1.46667850476 1.18893399613 0.120929108291 0.717576691635 -0.709511232024 -115.811327454 1.70401275326 3.12948075282 1.54434904812 0.650285868022 52.6913788355 -89.0163750546
0409 1.46868974256 1.1876839194 0.120916628881 0.724318258976 -0.822716768474 -115.106912901 1.7040638615 3.12972365535 1.54421376333 0.779999504561 55.3850993359 -88.8648978007
0410 1.4706815539 1.18645791713 0.120747676155 0.544239052077 -0.581091370868 -114.530095983 1.70395130082 3.12979464148 1.54421421324 0.769841560048 55.5399231965 -88.8782232735
0411 1.47430893688 1.1853342424 0.121629506576 0.526719508396 -0.624573153454 -113.629191137 1.70395711847 3.12986819353 1.54421102088 0.767199781629 56.0014354446 -88.8730802703
0412 1.48818529318 1.17840477206 0.110694456085 0.158780520756 -0.65723335377 -112.891197835 1.70391950323 3.12991484229 1.54419524211 0.78808385343 56.4577148642 -88.8551183104
0413 1.49028205338 1.17746543425 0.110608458882 0.484043821877 -0.625347074016 -112.127112814 1.70400017148 3.12974930218 1.54425870206 0.741578920213 54.9730547193 -88.9046977027
0414 1.49259645052 1.17630492507 0.110421786671 0.240251568724 -0.543053998079 -111.36141508 1.70393676053 3.12971857955 1.5442680952 0.709748727263 54.5099000731 -88.944008405
0415 1.48348570023 1.18042473032 0.121527452304 0.563593433155 -0.547688143442 -110.596053878 1.70403527018 3.12970534211 1.54424648051 0.759057557732 54.9674753152 -88.8930761178
0416 1.4849234084 1.1788522805 0.121053393072 0.606580255466 -0.735110683723 -109.946881085 1.70395976465 3.12987816285 1.5441584698 0.809378571892 56.6303093605 -88.8302739221
0417 1.48716294682 1.17821313147 0.120816525352 0.974335026823 -0.552662519584 -109.357351383 1.70393511004 3.12988124323 1.54420000385 0.769758844412 56.1572511209 -88.8633968985
0418 1.48969826826 1.17677993215 0.121009237971 0.72501890205 -0.68176605998 -108.51768835 1.70393948388 3.12987761615 1.54420364306 0.778129702397 56.245384958 -88.8622050404
0419 1.49197462129 1.17538380525 0.120743686023 0.731639450912 -0.499824113543 -107.778383466 1.70394840637 3.12966169599 1.54427117908 0.707451460478 54.3760781615 -88.940644854
0420 1.49411744945 1.17462033773 0.120864746924 0.578145043289 -0.7602014377 -106.98563838 1.70394742551 3.12988700605 1.54418282508 0.795966784355 56.5059826856 -88.8476639059
0421 1.50548530556 1.17011753117 0.113941328004 0.408858982945 -0.638070819839 -106.191121083 1.70399500258 3.12985806524 1.54416088973 0.821238361575 56.6879614969 -88.8207847298
0422 1.50024357245 1.17254475994 0.121465890531 0.511991632961 -0.529227327059 -105.518243863 1.70392601954 3.12988666642 1.5442143055 0.787591091617 56.2689356653 -88.849920562
0423 1.50193137088 1.17154638203 0.121098771974 0.539728769953 -0.654132921348 -104.799158017 1.70393886529 3.12989320092 1.54417580459 0.792483192391 56.4775027071 -88.8476591117
0424 1.51715699239 1.16598453528 0.110638243683 0.271852224168 -0.699492801369 -104.086150874 1.70393483258 3.12983540872 1.54419486857 0.764790498004 55.9079677449 -88.8783492971
0425 1.51993301335 1.16494159055 0.110558615121 0.0448232985043 -0.652684511854 -103.263503846 1.70418175621 3.12942807571 1.5443846228 0.671541015528 52.3118163254 -88.99208529
0426 1.52212446684 1.1639109501 0.110585089644 0.162621351965 -0.613341503964 -102.489297942 1.70397429921 3.12952765183 1.54431824284 0.670190494815 53.2116729505 -88.9872670444
0427 1.52429528744 1.16333224831 0.110723763554 0.269120502535 -0.636578546098 -101.779949433 1.70405182627 3.12973006701 1.5441938388 0.778144405387 55.6049026052 -88.86222589
0428 1.51472545373 1.16805787285 0.121790494828 0.702959252055 -0.565939767241 -101.106372228 1.70394706308 3.12967284304 1.54429523479 0.698138195618 54.3131691859 -88.9523946372
0429 1.51873217059 1.16640295314 0.120564472871 0.547285673754 -0.484669805336 -100.275349427 1.70391316524 3.12978162235 1.54423999692 0.736109722872 55.3429781855 -88.9137017626
0430 1.51975123012 1.16651893501 0.121810336189 0.632049612777 -0.574580201604 -99.6415586646 1.70393151402 3.1297272077 1.54429252897 0.717184114765 54.537858569 -88.9385048044
0431 1.53428967932 1.16031846161 0.110434505357 0.250653831178 -0.372332700944 -98.6657529899 1.70395260571 3.12989023167 1.54419412709 0.790551369561 56.2651109339 -88.8505030334
0432 1.53686243227 1.15970150389 0.110399647716 0.376400891517 -0.730275631121 -98.1594347618 1.70392697389 3.12982831857 1.54422336466 0.770994912231 55.8021727942 -88.8766912342
0433 1.53949203011 1.15924772379 0.110478704363 0.300519636507 -0.558662373135 -97.2749594034 1.70402642022 3.12977550101 1.54418769297 0.7962801312 55.8245677431 -88.8468201648
0434 1.52910455349 1.16390028965 0.121428544552 0.868668395799 -0.817469197435 -96.4861831477 1.70416608489 3.12944516316 1.54438007485 0.689179577693 52.6226441088 -88.9675431398
0435 1.53154291463 1.16335186188 0.121268092286 0.846221651903 -0.745143393673 -95.6161572601 1.70397307683 3.12986279433 1.54420238679 0.779269524329 56.0734366246 -88.865764398
0436 1.54710510696 1.15713210479 0.110677826697 0.5599492614 -0.521299060382 -95.0354940873 1.70393339486 3.12988147622 1.54420855374 0.786401503323 56.1803268741 -88.852818154
0437 1.54899462302 1.15711199532 0.110713685444 0.512098694123 -0.537925767882 -94.3017246794 1.70392681602 3.12980288501 1.5439795681 1.27399045736 56.1259331684 -88.3723193796
0438 1.55150109552 1.15682996872 0.110690147562 0.661622014976 -0.542377357803 -93.5587578461 1.7039167728 3.12989376369 1.5442136789 0.786543545291 56.3049476808 -88.8519071867
0439 1.55442961854 1.15616994521 0.110550197559 0.495873895084 -0.444437378595 -92.7014923611 1.70402990881 3.1297653642 1.54420449139 0.772534018818 55.7112253448 -88.8663852549
0440 1.55366525033 1.15712900327 0.113564826009 0.537008225577 -0.583718429164 -92.105566172 1.70411625344 3.12962019347 1.54428454221 0.742046318252 54.4054168551 -88.9118454198
0441 1.54662184853 1.16081272202 0.121275591106 0.938374658907 -0.685868626266 -91.3659987577 1.70391879118 3.12988857875 1.54418184535 0.800055791018 56.3180920704 -88.839361296
0442 1.56216010531 1.15549271664 0.110675440487 0.680010895876 -0.630989320052 -90.5710731653 1.70391974709 3.12990594104 1.5442002023 0.781413334303 56.3910765326 -88.8537093091
0443 1.56487186653 1.15477647041 0.110476915887 0.563651781354 -0.488794917084 -89.8936489745 1.70416906121 3.12945531991 1.54433581934 0.70395733096 52.9566432665 -88.9599330402
0444 1.56695476189 1.15467442099 0.110712403997 0.655625516816 -0.46201388531 -89.0812301544 1.70393452909 3.1298552489 1.54423476066 0.771298797199 55.8919074788 -88.8720700589
0445 1.56402422041 1.15697402884 0.115754442906 0.768008758566 -0.54081716684 -88.3846943788 1.70392263559 3.12986388211 1.54422375941 0.769665753493 55.9139282289 -88.8713681921
0446 1.57251609797 1.1539699977 0.110605386333 0.685139424137 -0.207016599283 -87.5369015794 1.70414117697 3.12947791267 1.54434028898 0.696687382746 53.0544279805 -88.965088595
