timestamp x_robot y_robot z_robot roll_robot pitch_robot yaw_robot x_rgbd y_rgbd z_rgbd roll_rgbd pitch_rgbd yaw_rgbd
0000 1.40141518965 1.33991749503 0.111072880724 0.442886045928 -0.254043681629 -138.778360449 1.70390370364 3.12986789829 1.54426650094 0.764569913076 56.5580572315 -88.8639875431
0001 1.40614302536 1.33376826165 0.110869351215 0.472854245808 -0.183367627335 -136.693699451 1.70390445991 3.12986119754 1.54427458004 0.758997433872 56.5723996288 -88.8719502427
0002 1.40798421603 1.33171387135 0.110920214591 0.528917248907 -0.335557246239 -135.993641387 1.70393030909 3.12987187922 1.54425894383 0.777589894833 56.7272451799 -88.8551729301
0003 1.39690713236 1.33420466871 0.121028830669 0.53164223617 -0.509395286377 -135.217766954 1.70392052046 3.12974921858 1.54432633579 0.722572185369 55.5483952441 -88.9156122945
0004 1.39840025212 1.33230156644 0.121049981093 0.568152464135 -0.508015178049 -134.49173717 1.70390559026 3.12986072224 1.54426342333 0.755373031478 56.5001897283 -88.8734650015
0005 1.39972927652 1.33072367715 0.121117461852 0.792465472377 -0.485529024191 -133.828919349 1.70392253512 3.1298440738 1.54429695804 0.753796353862 56.3987026038 -88.8777352739
0006 1.41413785766 1.32384446692 0.11098969519 0.428832238582 -0.253739208024 -133.020786956 1.70390639578 3.12987110813 1.54426838081 0.766623494219 56.6497261265 -88.8586356811
0007 1.4030291521 1.32621206788 0.121201308474 0.709218336016 -0.342853597173 -132.291602397 1.7040218577 3.12962350282 1.54432999665 0.730202023221 54.9008205225 -88.9144213384
0008 1.4046589146 1.32483514579 0.121103132781 0.822010004308 -0.419221930025 -131.638060064 1.70405352187 3.1296784703 1.54429423074 0.759878932924 55.7001601469 -88.882029888
0009 1.40655721561 1.32296999134 0.121181675709 0.879551901161 -0.49133994465 -130.842713422 1.70393495941 3.12981432573 1.54429849767 0.745464939388 56.1456316977 -88.8902911424
0010 1.4086861644 1.32070769148 0.121019498657 0.714549609436 -0.325758658414 -130.181119913 1.70390573191 3.1298727078 1.54425805619 0.775151068697 56.7262272606 -88.8586584741
0011 1.42330617757 1.31399820129 0.110723240442 0.480049968019 -0.196520845558 -129.432989793 1.70405597419 3.12968950228 1.54425539178 0.781031530731 56.0103675109 -88.8563172409
0012 1.41218898554 1.31749892567 0.120995299674 0.748467463361 -0.460472437572 -128.763821129 1.70391278407 3.12986004418 1.54427621541 0.751578415054 56.5660776052 -88.8821646158
0013 1.41378923464 1.3155526685 0.121123244415 0.909617807047 -0.473026536965 -127.900926183 1.70394141855 3.12986070352 1.54426327468 0.770031852424 56.6059286001 -88.8542382788
0014 1.41858274986 1.31204459223 0.118626819856 1.02634763362 -0.0842877283202 -127.310354831 1.7039278641 3.12983789448 1.5442999021 0.748829771327 56.3577670435 -88.8851807486
0015 1.43022060701 1.30745614227 0.111090069292 0.555357460698 -0.394407996127 -126.514405827 1.70409260857 3.12963140887 1.54428022372 0.765494142086 55.6951242316 -88.8662628244
0016 1.41950338607 1.31073567725 0.121330853667 1.16785502909 -0.617397253448 -125.691835605 1.70390251267 3.12987495749 1.54426394106 0.766345193786 56.6450248453 -88.8670574003
0017 1.4215950041 1.30851946083 0.121230275227 0.984849490264 -0.473905547428 -124.986228206 1.70396211412 3.12979410569 1.54428380829 0.764362207467 56.310858319 -88.8686533204
0018 1.4362888996 1.30204216545 0.111098435222 0.573919567617 -0.326623045711 -124.310255228 1.70391136928 3.12987583012 1.54427579045 0.774794842732 56.7177961268 -88.855599645
0019 1.43085020288 1.30331318381 0.11717793824 0.669179570965 -0.407001888381 -123.593479872 1.7039140548 3.12987192909 1.54427007436 0.780823252717 56.7141970491 -88.8503369397
0020 1.42775870453 1.30376896507 0.121177972243 0.988010682025 -0.515219184671 -122.840310535 1.70473878451 3.12958623632 1.54433697725 -41.5933655841 54.0809194899 -95.6085899641
0021 1.42955163271 1.30182883242 0.121060639455 0.835804313861 -0.343730041088 -122.084251804 1.70391199907 3.12984781098 1.54426987303 0.763374459611 56.542554543 -88.8686059922
0022 1.43148032416 1.30042071659 0.121268764877 0.97705273545 -0.405736589618 -121.349823949 1.70390250694 3.12989059254 1.54425450638 0.779252925735 56.8740363908 -88.8490569788
0023 1.4333804613 1.29911274159 0.121279449958 1.02667270069 -0.449520703431 -120.688363619 1.70389163238 3.12986172298 1.54427622668 0.76223636045 56.5430422301 -88.8697489003
0024 1.43565772384 1.29711757699 0.121341130089 1.04444839903 -0.299168217771 -120.109937939 1.70393983481 3.12981402285 1.5442921132 0.744774315818 56.1235664718 -88.884094434
0025 1.43785964518 1.29583131643 0.121267872656 1.0015786579 -0.469110514668 -119.244232749 1.70410700421 3.12956463656 1.54430309414 0.754790136796 55.0555827389 -88.8804994445
0026 1.44001351301 1.29462514928 0.121166527182 0.952754088446 -0.493464820554 -118.569466999 1.70391206584 3.12983256662 1.54428483073 0.754285733193 56.2590414831 -88.8780754246
0027 1.44246989003 1.29315095132 0.12123925768 0.977067609893 -0.512397663215 -117.861887402 1.7038964166 3.12986275805 1.54426943513 0.771898889871 56.7254859543 -88.8564497426
0028 1.44455169786 1.29155183974 0.121018542954 1.04211799916 -0.42349367333 -117.116115836 1.7039141218 3.12986175423 1.54426190966 0.766229098001 56.6975504486 -88.8663529554
0029 1.44665145739 1.29032419402 0.121154851228 0.950798801369 -0.479701918502 -116.345691032 1.70388113031 3.12984878874 1.54428795127 0.757512400275 56.443220303 -88.8793554344
0030 1.4591659496 1.28503756088 0.112964844406 0.709799068326 -0.451734524718 -115.624966023 1.7041250543 3.12958882429 1.54428156816 0.757248169397 55.2947222298 -88.8826501247
0031 1.45061466467 1.28720617237 0.12113518837 0.909047981897 -0.117995220166 -115.137141277 1.70394441367 3.12973884871 1.54431819795 0.716655082318 55.5114424238 -88.9256952438
0032 1.45301567663 1.28578724807 0.12120811555 0.886884282765 -0.311366820553 -114.193048661 1.70391177198 3.12985016294 1.54426795639 0.769063021436 56.4360013537 -88.8592709534
0033 1.45521659398 1.2847801802 0.121023855526 1.26156784595 -0.138431285652 -113.495599735 1.70388683882 3.12988073889 1.54426495867 0.766026059992 56.7187806293 -88.8610454818
0034 1.47075987697 1.27866143813 0.111185651061 0.487895750623 -0.443779245523 -112.783657561 1.70390090942 3.12985749757 1.54427969493 0.763467545695 56.5898969675 -88.8641494113
0035 1.46034295021 1.2823337494 0.121172523338 0.944073720934 -0.43892749482 -111.998986451 1.70397904661 3.12975795353 1.54429074509 0.753313966725 56.0094489564 -88.8736815349
0036 1.46247261332 1.28159837468 0.121255090545 0.899341965459 -0.604547885074 -111.313727232 1.70390880011 3.12981941598 1.54428763066 0.742676800598 56.0912131363 -88.8914842691
0037 1.46451110797 1.2804709436 0.121210203651 0.982275934642 -0.474863066929 -110.627812688 1.70391368338 3.12984518934 1.54428074372 0.753002429769 56.4928050651 -88.8795299617
0038 1.46991010579 1.27780897431 0.118951339629 0.943973424311 -0.438296192265 -109.760324815 1.70389401912 3.12984507251 1.54429128774 0.74801802903 56.2120125933 -88.8884701285
0039 1.46933765833 1.27739369062 0.121486253593 1.0670479187 -0.36117131286 -109.131570642 1.70406602263 3.1296725873 1.54427371917 0.766797526852 55.8217894274 -88.865167012
0040 1.47135134359 1.2767148376 0.12131920287 0.996392832608 -0.390784026965 -108.398153668 1.70402676685 3.12947345073 1.54440532284 0.656135673258 53.3477246577 -88.9978064519
0041 1.47402958653 1.27531070337 0.121574564569 1.05929061751 -0.330982904785 -107.718527324 1.70388969269 3.12988530151 1.54424260182 0.768849970932 56.9157258565 -88.8566492171
0042 1.47663042368 1.27436720265 0.121328631351 1.00488839193 -0.381129861668 -106.860426257 1.70412648536 3.12944067001 1.54440296298 0.667661268864 53.2969692499 -88.980629862
0043 1.47888463238 1.27367344256 0.121258694041 0.946810181458 -0.41510321892 -106.201939427 1.70390554172 3.12983867952 1.54428608121 0.758391975452 56.463045478 -88.8702468607
0044 1.48140628586 1.27299841539 0.121315452073 0.994674545883 -0.535668369914 -105.425235149 1.70390184487 3.12983368159 1.54428875815 0.755417492295 56.3222048633 -88.879504013
0045 1.48380667027 1.27178473317 0.121351118696 1.06568350833 -0.432858113228 -104.676476925 1.70389507039 3.12988372167 1.54425489284 0.765885856613 56.8464321641 -88.8620246302
0046 1.49906285815 1.26587064489 0.111114990893 0.487141691715 -0.412784474638 -103.912928432 1.70395026213 3.12979650212 1.54429036081 0.758645699465 56.3086464844 -88.8724044893
0047 1.49979673047 1.26574174653 0.112307192174 0.726591106091 -0.461862182757 -103.186183861 1.70671639302 3.12953920076 1.54456686883 -161.786533296 42.9178281484 -92.5395460048
0048 1.50387424561 1.26417866772 0.110950711916 0.636532307633 -0.298518984803 -102.323734508 1.70390038476 3.12983197591 1.54428430716 0.756576470252 56.2720566566 -88.8795347296
0049 1.49319616295 1.26828937862 0.121397076874 1.10669554284 -0.38099405459 -101.824562176 1.7039014724 3.12986755899 1.54427124102 0.759752668379 56.6243720404 -88.8756222646
0050 1.49588760195 1.26769258205 0.121447366651 1.12686859912 -0.468817922364 -101.056865389 1.70390787007 3.12962723929 1.54435072427 0.668948710313 54.6471649968 -88.9751017032
0051 1.49852558232 1.26712727563 0.121428169126 1.09598379116 -0.486459189378 -100.386264344 1.70388734463 3.12987919233 1.544272953 0.760235822379 56.6663866489 -88.8686197135
0052 1.50156190034 1.26623520056 0.121346420791 0.859950677396 -0.443060064993 -99.6223398995 1.70402074679 3.12974696522 1.54425968327 0.769446999347 56.2416564348 -88.8607983678
0053 1.505432061 1.26490513707 0.119917843679 1.21554491405 -0.300782722018 -98.9545780798 1.70394133985 3.12982479658 1.54429772282 0.755560886967 56.3146314496 -88.8755289259
0054 1.50635861792 1.26496429333 0.121524628284 1.09319360424 -0.470336726283 -98.1717645897 1.70388886529 3.12984977447 1.54428786463 0.754532577627 56.3877337104 -88.8724779132
0055 1.50840538527 1.26432018024 0.121354278365 0.943743730961 -0.53814611265 -97.4334762957 1.70391309013 3.12984116792 1.5442892429 0.748193058837 56.3697766334 -88.8807373557
0056 1.51257860999 1.26388682028 0.122145032818 1.35884851172 -0.661026036684 -96.3460288869 1.70392489176 3.12982594596 1.54428645616 0.767367519883 56.3746693959 -88.8681356165
0057 1.51372352763 1.26307046042 0.12159598315 1.15033108353 -0.436767641145 -96.1255400665 1.7038928841 3.12987700774 1.54426055621 0.774855169596 56.7320526123 -88.8551966387
0058 1.52936654967 1.25775047606 0.1112862938 0.783636394156 -0.427979373571 -95.3765886934 1.70389597926 3.12984165357 1.54428111794 0.760048999508 56.3580153478 -88.8756041808
0059 1.51923699046 1.26210924762 0.121452744979 1.06449983308 -0.411210115554 -94.6271754563 1.70394564671 3.12982959531 1.5442839133 0.754599707406 56.48255179 -88.8709587448
0060 1.52250161792 1.26175488655 0.121640085623 1.1182484659 -0.587680623029 -93.6735462499 1.70392390231 3.12983217839 1.54429083998 0.759756143877 56.3227285565 -88.8738055253
0061 1.52443084267 1.26144559257 0.121542448513 1.02681319437 -0.495108288144 -93.2344767836 1.70389083362 3.12987638814 1.54426992502 0.777185440741 56.73536886 -88.8554058422
0062 1.53797782096 1.25696755494 0.112971081584 0.782738793892 -0.424213041998 -92.4324223255 1.70392505567 3.1298547655 1.54426653692 0.768113509735 56.6404445548 -88.8633627793
0063 1.5297389882 1.26024579206 0.121498619957 1.04192368846 -0.358925780585 -91.725284575 1.70390679681 3.1298716558 1.54426038355 0.767630454271 56.7798543587 -88.8669483556
0064 1.5317837249 1.26019396411 0.121492599889 1.06142941457 -0.545293824901 -91.0193800795 1.70403133943 3.12967983931 1.54428295307 0.749452323088 55.5781350553 -88.8839304095
0065 1.5344084552 1.26002511749 0.121684501678 1.11299124387 -0.477039087756 -90.3150854936 1.70388919332 3.12985855809 1.54428721273 0.76012978092 56.5778644195 -88.8723128089
0066 1.53723537705 1.25967881891 0.12154090434 1.06385697164 -0.412371317259 -89.5882737203 1.70391429407 3.12984522769 1.54429080471 0.75611419869 56.477591902 -88.8705451154
0067 1.54006404718 1.25928710435 0.121694685618 1.19455519802 -0.437362554082 -88.9909659643 1.70389423351 3.12986192143 1.5442719342 0.7670721166 56.575085616 -88.8668446364
0068 1.54227703301 1.25969417603 0.121532312009 1.10046363141 -0.579334940276 -88.1372324261 1.70391542216 3.12984785869 1.54427018679 0.765363653167 56.606213779 -88.869371504
0069 1.54523679242 1.2596804069 0.121753869979 1.17023657909 -0.775158975851 -87.3692083837 1.7048455484 3.1297410718 1.54455264503 -57.9735999688 53.0963924752 -97.425042829
0070 1.54787157689 1.25911698448 0.121498816129 1.06532621801 -0.421909846387 -86.6374770917 1.70405176967 3.1295870655 1.54434377665 0.705292261155 54.5851258773 -88.934360222
0071 1.56029629556 1.25529036806 0.113668680039 1.01094580137 -0.314646039702 -85.6440061506 1.70390161614 3.12988049548 1.54426196084 0.772731082323 56.7888970801 -88.8542778415
0072 1.56471187452 1.2544521737 0.112106341583 0.956720290327 -0.513556172608 -85.2554472559 1.70411115267 3.12959001262 1.54433480668 0.730120838474 54.9150585896 -88.9032873663
0073 1.555459128 1.25883118693 0.121609689162 1.26033176504 -0.449668193166 -84.5276985088 1.70399395138 3.12959638543 1.54432841593 0.697910165813 54.7454919611 -88.9407023931
0074 1.55822226728 1.25882785323 0.121450636247 1.14707328347 -0.400445219118 -83.8155932571 1.70393077485 3.12984186872 1.54426498063 0.769950114156 56.5076832956 -88.865829382
0075 1.5608082742 1.25943504492 0.121988711833 1.50947927059 -0.907742227763 -82.7644406468 1.70398685628 3.12971397353 1.54432570019 0.735835998824 55.5251745795 -88.9000691142
0076 1.56340000795 1.259063908 0.121687725454 1.20775135798 -0.586278665503 -82.4784969119 1.70389778752 3.12983528543 1.54429028857 0.742667112525 56.2702879064 -88.8813312065
0077 1.57926536412 1.25443827073 0.111138416497 0.766822519519 -0.498335287413 -81.6083077269 1.70418950893 3.12963671278 1.54451313056 1.13820248371 55.1153496046 -88.5157492249
0078 1.56823796467 1.25962004597 0.121372165831 1.43262210918 -0.476655438276 -80.98037988 1.70398511677 3.12970271254 1.54432110015 0.728439940664 55.4228938999 -88.9085030706
0079 1.57134676509 1.25992893998 0.122019540064 1.33394425215 -0.853782405246 -79.8109783213 1.70402392613 3.12964967612 1.5443258019 0.721001856398 55.0181728653 -88.9226250034
0080 1.58317895923 1.2560981954 0.114105301576 1.04162048734 -0.493776348027 -79.2934772687 1.70405176512 3.12968915952 1.54428612423 0.759407372842 55.6074427186 -88.8764172609
0081 1.57677120483 1.2600128823 0.121735616628 1.31241660468 -0.617338522358 -78.5166693537 1.70390595671 3.12987425891 1.54428548319 0.766017769224 56.6525290936 -88.8682758019
0082 1.57936207463 1.26082548723 0.122193553151 1.27019899869 -1.02493507176 -77.5628869237 1.70400957984 3.12974681458 1.54427047441 0.775802227333 56.1808251595 -88.8620182013
0083 1.58449193293 1.25976547986 0.119922594267 1.21549643167 -0.38858664605 -77.4953039179 1.70410482722 3.12953291683 1.54434516837 0.711052864567 54.341317243 -88.9331737666
0084 1.58518968776 1.26148391737 0.122090865531 1.20768663814 -0.463080255234 -76.6306435475 1.70391137119 3.1298786597 1.54425474717 0.782984977636 56.8637373379 -88.8510204371
0085 1.58696865313 1.26187932331 0.121880823269 1.35969486555 -0.905322172473 -75.5299774309 1.70391656369 3.12986381939 1.54427728284 0.765196230102 56.6388627269 -88.8662181784
0086 1.58939613744 1.26213333118 0.121841533322 1.26510251556 -0.757021042586 -74.8228208644 1.70389613132 3.12983710163 1.54427607193 0.750716172894 56.3302190491 -88.884041713
0087 1.59190828083 1.26231724644 0.121816013502 1.27858187648 -0.678026558899 -74.0475099668 1.70392827862 3.12984276115 1.5442746249 0.757675464431 56.5312567701 -88.8735644245
0088 1.59495963531 1.26268518564 0.12209412587 1.35183369155 -0.701070894926 -73.2792532704 1.70391008278 3.12979743616 1.5443137666 0.732426413599 55.9111804302 -88.9018938867
0089 1.59674572372 1.26306915876 0.121749880771 1.16423246338 -0.756277257031 -72.5660995457 1.70392495131 3.12985863143 1.54426120625 0.753252032648 56.5071225596 -88.8721004436
0090 1.5995482611 1.26376336429 0.121776761884 1.17697352825 -0.631285360333 -71.7783363945 1.70411066616 3.129548663 1.54435030254 0.710870405928 54.4444234575 -88.9279730968
0091 1.6025569522 1.26424166779 0.121835478073 1.1657599807 -0.636693282706 -71.0946636853 1.70393114819 3.1298445914 1.54426949425 0.759998805743 56.474487784 -88.872617605
0092 1.60480956282 1.26499057067 0.121828498487 1.09773308439 -0.672201540759 -70.4065595385 1.70392997979 3.1298240983 1.5442834153 0.765440655668 56.3832802196 -88.8632680995
0093 1.60716174041 1.26582358006 0.121579174846 1.09167595752 -0.614354684269 -69.8182244522 1.70393856126 3.12985459652 1.54425478348 0.7669957797 56.7995024834 -88.8609168735
0094 1.60974043364 1.26636589483 0.121611114596 1.02214033503 -0.625561578887 -68.9727796079 1.70404394817 3.12957274543 1.54434486546 0.700865470305 54.5530926172 -88.9393162517
0095 1.61298374957 1.26734849823 0.122200860406 0.703624502991 -1.00793628933 -67.7456591245 1.70389940675 3.12984557266 1.54428026859 0.746429449404 56.3601957726 -88.8851775397
0096 1.61464414205 1.2674757535 0.121970625641 1.22694033376 -0.709725400086 -67.3007778838 1.70402196692 3.12969202973 1.54431809264 0.746760342872 55.4402035595 -88.8907152967
0097 1.61731557892 1.26826292805 0.121953315729 1.16312298786 -0.647519836756 -66.5644718892 1.70391842178 3.12986683738 1.54426421248 0.753919242109 56.654484355 -88.8751955104
0098 1.62029539903 1.26904301143 0.121957764194 1.07174698348 -0.617429318487 -65.7996642115 1.70398339763 3.12963152806 1.544294805 0.720917405122 55.0550793833 -88.9219754314
0099 1.62471374207 1.26974255459 0.121261215574 0.942769132882 -0.549585614739 -65.1982566167 1.70390787583 3.12984804048 1.54426446739 0.754390940474 56.441080756 -88.8816836632
0100 1.63782937555 1.26605084449 0.111436585883 0.800355069666 -0.571956388464 -64.4271703133 1.70389918721 3.12984902513 1.54429717562 0.759608749352 56.4374791454 -88.8755816058
0101 1.62774935339 1.27224410426 0.122007204184 1.27375115897 -0.651522063467 -63.7610729477 1.70391614578 3.12981083792 1.54429554051 0.73344345516 56.0791808436 -88.9006490466
0102 1.63014890632 1.27315023055 0.121854479828 1.02752632809 -0.7651618209 -62.8293879439 1.7038805187 3.12991669683 1.54423427622 0.788912728635 57.258453868 -88.8379027543
0103 1.64504238235 1.26883925641 0.111588112368 0.765048886109 -0.790314353154 -62.2866408933 1.70402810477 3.12971135787 1.54430078554 0.756364916908 55.7051958106 -88.8834366301
0104 1.635016831 1.27501680093 0.122463289441 1.13890287572 -0.524453766201 -61.6989511538 1.70409170392 3.12960174053 1.54433757494 0.721336214013 54.8735027425 -88.912576969
0105 1.63750750639 1.27585770014 0.121949534942 0.974756585267 -0.66419050915 -60.5470700372 1.70390662765 3.12984447582 1.54426607622 0.755222104463 56.4130084235 -88.8733940867
0106 1.63950958707 1.27678024469 0.122054009922 0.9882893356 -0.798038063078 -59.8474982716 1.70391918087 3.12984964289 1.54427426374 0.755985254867 56.5542333525 -88.8740237415
0107 1.65507175565 1.2729666394 0.111614585201 0.988401917988 -0.507349748321 -59.0948199075 1.70407632953 3.12963020579 1.54430131664 0.74586918943 55.215827554 -88.8957426521
0108 1.64668005552 1.2790269772 0.121297732476 0.774406620885 -0.592500995858 -58.5022406137 1.70409963215 3.12963004496 1.54430744837 0.755983367345 55.3135909335 -88.8841559417
0109 1.64725574383 1.2806425287 0.121976787819 0.822983208636 -0.753062104155 -57.6774281939 1.70406431684 3.12969260863 1.54427452877 0.767509709024 55.9166785471 -88.8707779528
0111 1.65116898525 1.28294152309 0.12187353476 0.81591638209 -0.892039643347 -56.1398697712 1.70391556805 3.12982312027 1.54428291268 0.746248438329 56.1859057493 -88.8860768128
0112 1.65503919271 1.2845307996 0.122443960656 0.584713565341 -0.554299211968 -55.548698411 1.70390664688 3.12985283018 1.54429925469 0.75441679005 56.3984057991 -88.8727129684
0113 1.65690676599 1.28562375264 0.1225383169 0.719128247971 -0.621958673731 -54.8852128409 1.7039847376 3.12963067193 1.54435296144 0.698657538617 54.6709101431 -88.9495319662
0114 1.65917229569 1.28704232817 0.122568633071 0.708598345897 -0.654409002662 -54.0877899254 1.70390400647 3.12983344959 1.54429948679 0.739707355913 56.2801414793 -88.8961476423
0115 1.66159899773 1.28835628497 0.122544439311 0.642826941095 -0.590971904617 -53.3441428981 1.70392807779 3.12982578133 1.54426976439 0.756549602642 56.4117734657 -88.8746490017
0116 1.66344609393 1.28965718543 0.122084493001 1.05061474561 -0.608543137148 -52.6256401648 1.70391910221 3.12969483326 1.54429854572 0.716783552144 55.4224606467 -88.9265426793
0117 1.66528497063 1.29119865062 0.12219958046 1.13673651191 -0.773811144844 -51.9325510387 1.70408471932 3.12963435646 1.54426752946 0.756346350603 55.5674814404 -88.8811732098
0118 1.66747941879 1.29268705099 0.12206151293 1.09824743291 -0.695718775774 -51.1432230365 1.7040099804 3.12971788649 1.54428647645 0.754868634108 55.7974567019 -88.8822847929
0119 1.66998702048 1.29387770594 0.122094033388 1.0225445227 -0.623378499346 -50.4568828143 1.70393008615 3.1298308052 1.54429318644 0.747432006415 56.3194247377 -88.8841179576
0120 1.6720858351 1.2952175574 0.122177370759 1.15904800654 -0.653424046604 -49.7105178949 1.70467712354 3.12960102079 1.54440601316 -50.3264385192 52.0917139251 -96.0654243419
0121 1.67363028543 1.29646178545 0.122070353287 0.926137112288 -0.732504172184 -48.7974405863 1.70390831965 3.1298461539 1.54427804139 0.755847374195 56.4830711429 -88.8759732615
0122 1.67583883339 1.29779896105 0.122098551102 0.974450354181 -0.738385289996 -48.0932621533 1.70410920235 3.12966083704 1.54426260515 0.768690513907 55.8994638503 -88.8609240383
0123 1.67886909129 1.29983193039 0.122486063412 1.14041554334 -0.755718737837 -47.2667110932 1.70407905684 3.12963910351 1.5442772642 0.77666754733 55.6307739476 -88.8615844926
0124 1.68067671657 1.30144352597 0.122630007863 0.699609604643 -0.616979086245 -46.8516547195 1.70403122484 3.12966384401 1.54430637855 0.739172882093 55.3606287041 -88.9008744391
0125 1.6827405608 1.30317164372 0.122638058107 0.786006061931 -0.675991300307 -46.0781986421 1.70392725608 3.12984935019 1.54427788623 0.762717399395 56.511449543 -88.8659636555
0126 1.68518222539 1.30504407614 0.122484690762 0.501475250009 -0.572809982736 -45.2633848055 1.70388225166 3.12987460458 1.5442724436 0.765852009173 56.6514196844 -88.8674237891
0127 1.68701708903 1.30645621077 0.122630774038 0.724549735441 -0.592449014332 -44.6251467712 1.706887418 3.12954086798 1.54443861684 -179.518562119 41.9158990278 -89.4407837347
0128 1.68887576847 1.30817692435 0.122996550042 1.04035730805 -0.810885860641 -43.7616205785 1.70388143575 3.12987990686 1.54427342231 0.765025392329 56.7737882873 -88.8616516345
0129 1.69089864865 1.30956460985 0.122622677197 0.725258724384 -0.562498215284 -43.0931631597 1.7039130585 3.12985112157 1.54427184476 0.759423276842 56.4841676045 -88.8702706653
0130 1.69312031922 1.31124879063 0.122659674028 0.697597052174 -0.528837199095 -42.3677342857 1.70399086221 3.12968972391 1.54433038333 0.722887605778 55.1565273746 -88.9183822096
0131 1.69461007942 1.31295365388 0.12274848131 0.861550961509 -0.581326878783 -41.6394318174 1.70388296029 3.12990165223 1.54426479535 0.767998045458 56.9111393569 -88.86115159
0132 1.708426933 1.30937339694 0.11202347917 0.884399083462 -0.672869689053 -40.9399234594 1.70389385026 3.12986540245 1.54428281451 0.759498172898 56.5464486542 -88.8740030261
0133 1.71085475803 1.31157360589 0.111869422828 0.72251201575 -0.588576346644 -40.1077779095 1.70392323327 3.12983368099 1.54426966588 0.751469389045 56.3874146873 -88.8817744106
0134 1.70063900051 1.31901855226 0.122888930813 0.86983925412 -0.815843654417 -39.3104651886 1.70416137295 3.12941755101 1.54444650566 0.66687105211 53.0301796985 -88.9849536618
0135 1.70171211469 1.32021609361 0.12233478987 1.09878655351 -0.596656383146 -38.8436362249 1.70396943794 3.12971655151 1.54432166682 0.736100258928 55.4057846275 -88.8980185517
0136 1.70361965721 1.32202979777 0.122488406504 1.13452840625 -0.643797407029 -38.0333100053 1.7040377412 3.12958197391 1.54432825168 0.715820023287 54.781067244 -88.929659236
0137 1.70571665756 1.32387164653 0.122331659303 1.13132030937 -0.468750386705 -37.308252539 1.70412102343 3.12963419814 1.54427883082 0.763134276644 55.5489395641 -88.8781528488
0138 1.70709671788 1.32554030331 0.122487377623 1.29921951047 -0.577616417389 -36.5833195145 1.70413370237 3.12952689903 1.54434257657 0.737093215146 54.5058736565 -88.9086574085
0139 1.70862225413 1.32755709383 0.122588555282 1.40563486011 -0.693895060315 -35.8257896889 1.70504443459 3.12973736636 1.54440347611 -72.8586238 51.9939221375 -99.347283065
0140 1.71055943416 1.32970001497 0.122628979065 1.49959771677 -0.73777841365 -35.0821542272 1.70392409698 3.12985688389 1.54428327348 0.754402017278 56.548538853 -88.8772404022
0141 1.71207529529 1.33169728589 0.122426057819 1.18179301003 -0.645535485785 -34.5150021217 1.70391449789 3.12985389305 1.54424864313 0.770222151676 56.6936760246 -88.8685350821
0142 1.71351752985 1.33381462167 0.122572128051 1.35986018076 -0.80642151135 -33.6848328071 1.70389865128 3.12988768892 1.54425999941 0.768045669293 56.7732731163 -88.8650207825
0143 1.71519875106 1.33566913654 0.122356069624 1.25914976843 -0.626271150378 -32.9489403723 1.7039175472 3.12982138889 1.544300379 0.748226431145 56.167826503 -88.8833167573
0144 1.71733526604 1.33768406835 0.122414713178 1.15371064725 -0.573129456426 -32.1361777977 1.70390690631 3.12981251799 1.54430679057 0.736103037789 56.0811748169 -88.9015865552
0145 1.71851757486 1.33940286716 0.122492576359 1.28758104651 -0.606498630019 -31.4529470335 1.70388958529 3.12988255255 1.54426685346 0.770335190091 56.6831014657 -88.8551874849
0146 1.72014329418 1.34153958129 0.122381085209 1.44456634206 -0.646724196209 -30.7201695542 1.7041148043 3.12961437846 1.54430432656 0.751259949453 55.1020356897 -88.8841782276
0147 1.72205100187 1.34388580056 0.122492892215 1.18213687825 -0.528630499745 -29.9917684086 1.7039196025 3.1298533714 1.54428769503 0.752947697662 56.44191425 -88.8792374705
0148 1.72329872022 1.34579495221 0.122497292131 1.28252054217 -0.57491435365 -29.2789041516 1.70391903274 3.12983054119 1.54429715175 0.742658068294 56.2308806467 -88.8862537179
0149 1.72469428392 1.34825643699 0.122487163687 1.23597810808 -0.626835638173 -28.5140650779 1.70387903313 3.12992217399 1.54424241116 0.786549418007 56.9954200539 -88.8447442616
0150 1.72618445883 1.3504612715 0.122417856975 1.1764502722 -0.597680551298 -27.7307753554 1.70406511173 3.12966514679 1.54432033035 0.740002871094 55.3165364033 -88.8950987943
0151 1.72794974918 1.35287823542 0.12255801158 1.28326949068 -0.675256103638 -26.9453566513 1.70391621239 3.1298292011 1.54428871145 0.742436996386 56.2350760257 -88.8943496316
0152 1.72895407323 1.35442658532 0.122555605763 1.27693669895 -0.618239509102 -26.2414758409 1.70391753372 3.12985718617 1.5442798201 0.756904655998 56.5226169442 -88.873852852
0153 1.73016819764 1.3566357661 0.122592828142 1.27092868792 -0.823616150945 -25.2272939442 1.70704697752 3.12953183629 1.54460406293 -179.1719569 42.484815543 -89.216659261
0154 1.7318884208 1.3588601252 0.122428475786 1.06569166906 -0.583360080204 -24.593932364 1.70404688539 3.12974678469 1.54428561639 0.75573717202 55.9371161526 -88.8774485342
0155 1.73308442613 1.36115331122 0.122499630131 1.04743299228 -0.616025140639 -23.8021852058 1.70687274337 3.12956521992 1.5444462603 -179.524081074 41.8990780428 -89.4506708754
0156 1.7341064548 1.36329569032 0.122519860964 1.12317132264 -0.734803265552 -23.1685599529 1.70391292646 3.12987451306 1.54427079503 0.771867930179 56.6153735328 -88.8607341719
0157 1.73573739272 1.36593605298 0.122801567222 1.34939355642 -0.703909971723 -22.4616717759 1.70391782463 3.12986874878 1.54426638361 0.76366579939 56.6097930934 -88.8722327123
0158 1.7370801301 1.36835385172 0.122543138395 1.16937195704 -0.60131346455 -21.8859810595 1.70390089839 3.12985720273 1.5442750225 0.763702349285 56.5049176453 -88.8627218548
0159 1.7380465822 1.37043956662 0.122752801328 1.17235833648 -0.677943850448 -21.1093912226 1.70402861842 3.1296983837 1.54428358109 0.758198879357 55.849154122 -88.8744408922
0160 1.73901749821 1.37268594415 0.122618631632 1.33652397886 -0.672971598782 -20.3663272105 1.70402483329 3.12964749647 1.54430152004 0.728852393319 55.3845377986 -88.912041769
0161 1.74056099163 1.37496899978 0.122707191478 1.36135185806 -0.569860359973 -19.6148691316 1.70390837053 3.12985925992 1.5442825614 0.765962641875 56.4947020551 -88.8654609537
0162 1.74176978682 1.37742607317 0.122698645809 1.35029038422 -0.51891156253 -18.8431205024 1.70392054935 3.12986725958 1.54427830936 0.759094328307 56.5752551675 -88.8716799541
0163 1.74252798772 1.37952286057 0.122725181486 1.42243647327 -0.56479671427 -18.19160786 1.70389303294 3.12986330574 1.54429695137 0.769999731439 56.5192386884 -88.8646957798
0164 1.74343500062 1.38199307241 0.122578262482 1.10029404219 -0.668192784474 -17.2648943048 1.70391050943 3.12988375159 1.54425145595 0.769133157799 56.8209928695 -88.8593920154
0165 1.74500346016 1.38491602656 0.122665018227 1.2866150801 -0.551146967472 -16.6672008895 1.70391246089 3.12987340542 1.54425993137 0.771136015959 56.6738808764 -88.8632973941
0166 1.745578266 1.38694024158 0.122563527188 1.45773874841 -0.55513355893 -15.9947330689 1.70399236829 3.12975655938 1.54428820278 0.760494848344 56.0380859746 -88.8656288945
0167 1.74609841865 1.38931612352 0.122539581077 1.13507224137 -0.787947347931 -15.0235907745 1.70390966704 3.12991131619 1.54425200174 0.792290229555 57.098048793 -88.8396230727
0168 1.74731412058 1.39168714803 0.122497155619 1.0524503082 -0.730686937291 -14.3170803689 1.70391035566 3.12984447383 1.54428370345 0.74930594682 56.248751625 -88.8808120218
0169 1.74812176472 1.39400150483 0.122576071643 1.16109208285 -0.684206685061 -13.5921859704 1.70391921473 3.12977602436 1.54430640393 0.726124327783 55.8203112638 -88.905425279
0170 1.74889219279 1.39632799152 0.122628042192 1.17320759255 -0.748295584267 -12.8553994571 1.70393429397 3.12982119464 1.54429263767 0.753621069452 56.1972630131 -88.8830441377
0171 1.75010378505 1.39894485497 0.122935273887 0.950943324379 -0.739037198004 -11.9088006065 1.70395309049 3.12979505128 1.54429252299 0.747953850211 56.119804063 -88.8845806434
0172 1.75095682402 1.40167007824 0.122625039375 1.22435014844 -0.607160702702 -11.3323947917 1.70389920346 3.12988477499 1.54425375368 0.778981687399 56.7778224833 -88.8477641801
0173 1.7515120392 1.40391925005 0.12299439023 1.46216417643 -0.673744809549 -10.8405363716 1.7038874389 3.12982987161 1.54429253074 0.73400838208 56.1663357268 -88.8981394883
0174 1.75210365332 1.40637975205 0.123102309717 1.38429907614 -0.566817781724 -10.1759374867 1.70389866728 3.1298597747 1.54428642145 0.753866696606 56.3622236089 -88.8779658333
0175 1.75278917985 1.40910852935 0.12271981303 1.15134911814 -0.70783120619 -9.1596193741 1.70406998888 3.12965968765 1.54428695633 0.739619950466 55.2881214225 -88.8990221272
0176 1.75336630748 1.41141743039 0.122715762206 1.18733449524 -0.772408626014 -8.39622829975 1.70390731896 3.12982696208 1.54428848332 0.75729961958 56.34833674 -88.8711834759
0177 1.75393325408 1.41355293928 0.122885072077 1.32722185743 -0.725701891214 -7.72431645577 1.70390782947 3.12987910722 1.54425533456 0.757465501197 56.6500958731 -88.8615723689
0178 1.754564013 1.41589629467 0.122897993197 1.24025472619 -0.684100954165 -7.06984875576 1.7039462497 3.12985163554 1.54424991478 0.776937150824 56.7082217526 -88.8487019102
0179 1.75515476461 1.41888055595 0.122384476634 0.898498499044 -0.370504814105 -6.23210909398 1.70393305306 3.12964430572 1.54439594525 0.657431808701 54.0717168108 -88.9882414192
0180 1.7554493643 1.42121593533 0.122625108021 0.930933613578 -0.498253838495 -5.53193553057 1.70392024811 3.12983353559 1.54427778842 0.751282847646 56.2303933296 -88.8883821447
0181 1.75586154454 1.4235544697 0.122746463717 1.12990945942 -0.601407300433 -4.89177194201 1.70389445494 3.12988701858 1.54427146192 0.766764651282 56.6633555125 -88.8609879177
0182 1.7564664497 1.42655324212 0.122659684374 0.953026142954 -0.557385558964 -4.09414048801 1.70393968153 3.12985018883 1.54427211 0.767109577194 56.4517179871 -88.8685287685
0183 1.75668721439 1.4293154917 0.122682563718 0.976975087694 -0.620975538979 -3.42108376738 1.70389623162 3.12983861107 1.54429616561 0.749469799287 56.2627860091 -88.8895426242
0184 1.75717063535 1.43168615996 0.122993565683 1.26293057719 -0.844826363789 -2.7360680049 1.70393636259 3.1298161057 1.5442845563 0.752338853831 56.2357564697 -88.8810501949
0185 1.75772080316 1.4342500244 0.123063637609 1.19743127897 -0.836984474533 -1.9798677728 1.70389974886 3.12988003913 1.54427590365 0.770042131603 56.6352711847 -88.8603186326
0186 1.75800769335 1.43710660768 0.122596006574 0.821636982522 -0.512547955774 -1.1351578796 1.70391381696 3.12988895613 1.54424801876 0.77387683589 56.8908900108 -88.8587575167
0187 1.75813759236 1.43918776783 0.122792322442 1.09232632768 -0.661027490312 -0.483079045974 1.70401728921 3.12973883225 1.5442771915 0.761771504087 55.940890452 -88.8714351748
0188 1.75871758114 1.44193203684 0.123208695347 1.3161501612 -0.865907357149 0.223599710634 1.70389771958 3.12989285398 1.54425696547 0.766282327167 56.8536978039 -88.8623586831
0189 1.75869041502 1.44444669276 0.122864992471 0.992331489752 -0.659341424318 0.932557365304 1.70390593792 3.12986594063 1.54428938471 0.759556775407 56.4834144601 -88.8647340758
0190 1.75877956929 1.44729314499 0.122842521823 0.950159022377 -0.653633295344 1.67411898537 1.703927491 3.12987845344 1.54425285245 0.766205328049 56.7241107763 -88.8646866101
0191 1.75890630725 1.44998783479 0.123173386454 1.20114017054 -0.972207369904 2.337301071 1.70389484564 3.12981911171 1.54429584646 0.732485954993 56.097875592 -88.904636565
0192 1.75926238413 1.45209805979 0.12327363137 0.897594276296 -0.777015505946 2.84759040494 1.70391348715 3.1298482582 1.54428743445 0.755047380505 56.3694168803 -88.8783168966
0193 1.75928677535 1.45540994202 0.122794009299 0.886905827582 -0.612821772984 3.88477615223 1.70397324924 3.1297660657 1.54430370175 0.743958216404 55.9988787528 -88.8928150138
0194 1.75940582249 1.45776166702 0.123023160441 0.854646898474 -0.593623490851 4.58585925537 1.70391897832 3.12970940877 1.54436257961 0.692272315112 54.801979554 -88.9505047808
0195 1.75929890966 1.4602222708 0.122880776291 0.938479164599 -0.560319191096 5.34359787131 1.70391395253 3.12985749987 1.54429033403 0.745885293458 56.4617562989 -88.883569117
0196 1.75947214948 1.4629843912 0.122879331842 1.00814765683 -0.597422936919 5.96183490005 1.70392740017 3.12988251504 1.54426008278 0.773859613271 56.7312372802 -88.8587649045
0197 1.75976349399 1.46546841021 0.123261325841 1.05297248445 -0.754534228803 6.54651912203 1.70409557449 3.12966522326 1.54427663932 0.762124637096 55.7518399526 -88.8714929588
0198 1.75939454236 1.46808639417 0.123365407306 1.21829799929 -0.994572769686 7.32666667485 1.70390449722 3.1298741867 1.5442860076 0.775193652015 56.6689196963 -88.8606791563
0199 1.75919366422 1.47089119246 0.123279432227 1.16175965984 -0.966119535908 8.11525424547 1.70390800427 3.12988128414 1.54427985052 0.772890051131 56.6711232161 -88.8639710317
0200 1.75892068799 1.47369317667 0.12284586386 0.882243701102 -0.714224397245 8.92273080769 1.704428474 3.12959461868 1.54430265347 -20.7236309357 54.8670776286 -92.5751067758
0201 1.75877833135 1.47594139153 0.123058914438 0.959858719221 -0.743477869529 9.64214336791 1.70392037321 3.12985431372 1.54429253831 0.756434519988 56.4181647413 -88.8814088131
0202 1.75872063381 1.47837728225 0.123068152016 0.975682572751 -0.722577993321 10.4095303483 1.70391723166 3.12985654756 1.54427514631 0.749802863575 56.4694086835 -88.8774699768
0203 1.75860030918 1.48154577444 0.123040700803 0.877332652228 -0.601606755154 11.1397901758 1.70393464754 3.12976559932 1.54428735399 0.75080953109 56.0322350202 -88.8836294065
0204 1.75852377769 1.48418247266 0.122920274415 0.901283398528 -0.586254284788 11.8698810671 1.70409430156 3.12956037977 1.54433089579 0.709451918083 54.4270812891 -88.9344578467
0205 1.75801615431 1.48658136354 0.123039835029 0.841309594043 -0.6588314752 12.5964252341 1.70405863392 3.12965251883 1.54429147874 0.742329108401 55.5413060802 -88.889341143
0206 1.75760629155 1.4894393309 0.123038053374 0.779795605322 -0.73411901121 13.3158611549 1.70394305626 3.12984927827 1.54425772218 0.773502872924 56.4618816928 -88.8550514788
0207 1.75717809319 1.49245459577 0.122942150789 0.705127542917 -0.646045155212 14.0661926441 1.70391505284 3.12987417608 1.54428748847 0.757754962063 56.5643943758 -88.8705484765
0208 1.75671223533 1.49450151778 0.12299275769 0.90622207767 -0.676427942933 14.8882523246 1.70416960772 3.1294830465 1.54436934297 0.701418611505 53.8280144932 -88.943907039
0209 1.7563499573 1.49703739927 0.123056434173 0.801838937955 -0.645228794785 15.6590761219 1.70390521765 3.12987542194 1.54428745194 0.754628210897 56.5969114718 -88.8770225367
0210 1.75609542266 1.49980068352 0.122797756336 0.646665485635 -0.689654481505 16.3830347977 1.70392750295 3.12981670897 1.5443051137 0.744672568642 56.124084366 -88.8909330024
0211 1.75640571348 1.50271646927 0.123539183348 1.19209570178 -0.697836416411 16.9008400303 1.7054456939 3.12955660633 1.54443513032 -86.111782766 49.6865688449 -98.6552703864
0212 1.75553312706 1.50483188176 0.123450769449 1.04843995319 -0.872901241308 17.7770101005 1.70406973462 3.12965579552 1.54428097814 0.766959814057 55.5736647242 -88.8730125128
0213 1.75485471575 1.50762442566 0.123395975565 0.949059595817 -0.869767601702 18.443326146 1.70392089755 3.12985356885 1.54429505278 0.748598078268 56.4263068278 -88.8885597405
0214 1.7538548922 1.51070900479 0.12287424323 0.503109758011 -0.642629495907 19.3142358328 1.70565257145 3.1296897553 1.54437496606 -111.176559275 47.1643807651 -99.7468267574
0215 1.75302357302 1.51291483032 0.122970080196 0.657402947372 -0.734753605007 20.00042021 1.70388148406 3.12988800332 1.54426055516 0.775572833519 56.8820226575 -88.8557075872
0216 1.75239423119 1.51506630034 0.122988967775 0.761890227753 -0.753839774346 20.7897152479 1.70392491308 3.12985606025 1.54428164987 0.761153240263 56.4666266803 -88.8689680355
0217 1.75184289025 1.51790022615 0.122973382698 0.716738514523 -0.646666957484 21.5559682367 1.70392129637 3.12986294958 1.54427477997 0.759715123226 56.5812944987 -88.8798417679
0218 1.75247627429 1.52053099387 0.123954502445 0.803234621314 -0.693582971119 22.2779709895 1.70389912009 3.12986638788 1.5442790888 0.758242919165 56.5642310053 -88.8769363992
0219 1.75168310678 1.52267979041 0.124086197307 0.875536149674 -0.776868140653 23.0017726784 1.70391840348 3.12986997818 1.54428310497 0.767958184954 56.5927129628 -88.8645322275
0220 1.75092752512 1.52503635686 0.124077053601 0.883566500214 -0.746089607886 23.6636894255 1.70390347992 3.12986832663 1.54428214767 0.766739268525 56.5659518408 -88.8685512956
0221 1.75023403529 1.5279039004 0.123946592548 0.707718266458 -0.614433631365 24.4459210122 1.70396438059 3.12971113666 1.54432634117 0.712102359622 55.235203393 -88.9271063085
0222 1.74794437706 1.52995402042 0.123309424391 0.688352438156 -0.75457914033 25.283972972 1.70391052184 3.12988588984 1.54425850578 0.765410006489 56.8120300608 -88.8646054822
0223 1.74805280711 1.53283571047 0.124054617367 0.717651384585 -0.864996678797 26.0223047182 1.70392337289 3.12984670341 1.54427727387 0.760019450538 56.4202574198 -88.8742717334
0224 1.74579223214 1.53538924334 0.123074540784 0.481349752431 -0.7797545739 26.8150676976 1.70391671661 3.12989097079 1.54426871069 0.774704470118 56.7618303276 -88.8536000792
0225 1.74486929507 1.53795614956 0.123089985598 0.44598493679 -0.748471429007 27.6197681075 1.703927178 3.12984050601 1.54428645734 0.73787606443 56.3285402731 -88.8947227898
0226 1.7441784597 1.53982035421 0.123103112345 0.566481368966 -0.697352469726 28.2882537668 1.70413626372 3.12958674106 1.54429775322 0.740893510189 55.1629946296 -88.8915494597
0227 1.74322423938 1.54236230966 0.123214805803 0.687576808206 -0.724735551901 29.1122426028 1.70389985609 3.12987590119 1.54429295293 0.744915204617 56.5062230013 -88.889573188
0228 1.74238415249 1.54506800552 0.123175352008 0.533731994906 -0.608385823091 29.8523771138 1.70398136622 3.12978935499 1.54429174159 0.76373142275 56.1780156679 -88.868977322
0229 1.74123165974 1.54708129052 0.123149817665 0.586066270287 -0.695470120964 30.4705755335 1.70390251101 3.12986882054 1.54427665682 0.763676743249 56.6203401209 -88.8676463353
0230 1.74003452112 1.54932104731 0.123235363856 0.733476424889 -0.743160231401 31.3062768701 1.70393354271 3.1298445667 1.54426904624 0.751549043594 56.4857060876 -88.8820577846
0231 1.73997069424 1.5523478696 0.124012123362 0.638634724257 -0.800517788205 32.0476000746 1.70615522393 3.12961937104 1.54439385519 -139.060971687 44.0317638214 -96.6805159572
0232 1.7374306883 1.55444309581 0.123067009996 0.548507534799 -0.854622194946 32.7740903183 1.70391872291 3.12983891044 1.54429133008 0.751154748004 56.407754812 -88.8806060877
0233 1.73740116266 1.55667669847 0.124030827116 0.633789140068 -0.878270526613 33.4979633734 1.70390060882 3.1298092566 1.54432151862 0.733740176807 55.8998665775 -88.9056727614
0234 1.73605320475 1.5588419422 0.123927549061 0.949380350686 -1.02011764837 34.0900871945 1.70456446542 3.12978943222 1.5443225127 -44.8760374602 54.6725659246 -96.9063322208
0235 1.73455839434 1.56123768558 0.123409345358 0.698394388179 -0.791548933894 34.9145292933 1.7039166752 3.12988176672 1.54426132881 0.771183141799 56.7183815572 -88.8512446923
0236 1.73281320885 1.56306267856 0.123090872763 0.594079599277 -0.834910340175 35.5446349181 1.70391503428 3.12970443269 1.54434194132 0.699981409394 55.0905905016 -88.9361668369
0237 1.73141432256 1.56540068243 0.123178595769 0.552777134739 -0.773438796557 36.4731693301 1.70389333594 3.12989116952 1.5442693876 0.756819154671 56.7534897851 -88.8746939493
0238 1.73014628679 1.56779165008 0.1231397651 0.443393593975 -0.744163223125 37.1785690016 1.70391713184 3.12983906507 1.54429036854 0.748411582426 56.360171251 -88.8825180946
0239 1.72869286305 1.5700668566 0.123176095497 0.576439720101 -0.778006512054 37.8942677258 1.70410681276 3.12964938453 1.54429364547 0.765482761084 55.505922283 -88.8776056221
0240 1.7282967976 1.57214877065 0.124131749882 0.722554670486 -0.974042354146 38.6418470001 1.7039031664 3.1298945611 1.54425918622 0.773715657713 56.9035474037 -88.853899708
0241 1.72569267867 1.57391148361 0.123131988109 0.668947726781 -0.876073100654 39.3549027493 1.70706308975 3.12951616461 1.54460816666 -179.169118419 42.4944346042 -89.2155161611
0242 1.72444906256 1.57632335668 0.12309936177 0.684840624001 -0.792252839171 40.1575705105 1.70392922447 3.12985448327 1.54428056444 0.777113989902 56.4984269263 -88.8506550938
0243 1.72309159647 1.578204484 0.122873028324 0.361541365523 -0.612544746043 40.9316720108 1.70399592851 3.12973515794 1.54431666073 0.743358341752 55.7337036631 -88.8903063697
0244 1.72151319372 1.58043557481 0.123181923464 0.652543369899 -0.880060192848 41.6068170075 1.70391162494 3.12985483386 1.54427619269 0.762273127993 56.5728773373 -88.8708427434
0245 1.72006381024 1.58270019993 0.12322172504 0.523140520694 -0.762647057698 42.3538402695 1.70394340358 3.12983775129 1.54429697074 0.764956970024 56.3326868772 -88.8700446298
0246 1.71916764822 1.58545075254 0.123864245816 0.262587963738 -0.576483436293 43.2082710875 1.70392409195 3.12984506957 1.54429108751 0.754878713225 56.396909184 -88.8778118273
0247 1.71758604915 1.58700614255 0.123964430324 0.386413331116 -0.688174950166 43.8963305873 1.70391362516 3.12987079812 1.54426543676 0.763615509121 56.7381132595 -88.8665987487
0248 1.71621972876 1.58919109071 0.124276339224 0.463326160523 -1.11310685437 44.4173861811 1.70392753345 3.12973994798 1.54432524168 0.725357940785 55.5676506496 -88.9042500746
0249 1.7129485869 1.59119884201 0.123024440732 0.234014015229 -0.824059154363 45.1871654029 1.7040027006 3.1296376054 1.54434066595 0.705199508062 54.8104277548 -88.937564778
0250 1.71242572915 1.59314144158 0.123889909075 0.354058732904 -0.764167149815 46.1755003687 1.70405954913 3.1297022849 1.54428024732 0.743419569295 55.7091641387 -88.8907358857
0251 1.71095850713 1.59507914869 0.123848919186 0.384202645259 -0.732807776389 46.9069501297 1.703935165 3.12986080539 1.54427427758 0.76387380933 56.6197940707 -88.8642026664
0252 1.70932224119 1.59714869629 0.12397365113 0.346446847449 -0.684485649289 47.6339380732 1.70390341453 3.12988046454 1.54426895591 0.764616305534 56.7381343964 -88.8665087345
0253 1.70757810856 1.59924818369 0.123936315605 0.380410461175 -0.653099300131 48.4010219717 1.70390160111 3.12988638983 1.54426841131 0.776370253887 56.9291051001 -88.8525163807
0254 1.70480819715 1.60068225389 0.123178238968 0.480399991828 -0.8611635766 48.9517219964 1.70389426726 3.12988369255 1.54425659561 0.766714334878 56.7396794845 -88.8611389628
0255 1.7039461693 1.60277854613 0.123898698484 0.405455205087 -0.72982843101 49.8647944109 1.70414545773 3.12949401925 1.54435913552 0.709951212336 54.0949823089 -88.9346394288
0256 1.70169861279 1.6048755307 0.123677093766 0.410352366585 -0.588436595376 50.5813175651 1.70392455707 3.12985102666 1.54427423188 0.760442200435 56.5184085961 -88.8689406787
0257 1.69892617961 1.6063466491 0.123087267485 0.382544315497 -1.00222805938 51.0768023016 1.70392004269 3.12978693424 1.5443242581 0.722198624792 55.7821704428 -88.9140000259
0258 1.69706831983 1.60796717298 0.123057035386 0.476942084793 -1.01438870274 51.8664413595 1.70390116911 3.12986967543 1.54427589637 0.756605578208 56.6298168373 -88.8721832261
0259 1.69550474325 1.60985639763 0.123183402524 0.486548985829 -0.936502701242 52.6652406907 1.70416129507 3.12949752077 1.54433341232 0.720088301864 54.4067616324 -88.9263711319
0260 1.69461267638 1.61207712489 0.123867284284 0.371841392698 -0.655006341176 53.5845074948 1.70392163983 3.12966810039 1.5443291134 0.708954129827 55.1798362881 -88.9307121311
0261 1.6929437482 1.61338046896 0.123991898931 0.46743265311 -0.789317162195 54.2943841416 1.70392957872 3.12984502406 1.54427181689 0.75474328261 56.4522815054 -88.8747348385
0262 1.68993091665 1.61496301293 0.123147538428 0.605623784058 -1.04096047605 54.8464547483 1.70411293789 3.12965628563 1.5442847057 0.766997150455 55.652717738 -88.862429472
0263 1.68874641256 1.61716343096 0.123799660027 0.317255034245 -0.697164805267 55.7931065759 1.70414244394 3.12957098887 1.54430023055 0.740763896561 55.0763293764 -88.9062949402
0264 1.68658311841 1.61874757671 0.123950897142 0.378958310218 -0.807740650959 56.5153500246 1.70405647846 3.12959751672 1.54428816164 0.74797231302 55.4177807909 -88.8904567587
0265 1.68453999682 1.62021256094 0.123702842529 0.109135861739 -0.799868653992 57.2513305099 1.70391518439 3.12987405047 1.54426904771 0.76869858438 56.7532556646 -88.8615231779
0266 1.68109394162 1.62214567439 0.12266199629 0.261465394997 -0.787836656071 58.0069637869 1.70390692722 3.12988470289 1.54425924669 0.77063708036 56.8131349758 -88.8578135932
0267 1.67949778473 1.62380111588 0.123048021164 0.342258500114 -0.902271537651 58.555322996 1.70392357641 3.12981801489 1.54429100205 0.744612219674 56.2820688424 -88.8909816206
0268 1.67859948752 1.62525674774 0.123994404755 0.245282359294 -0.733999170046 59.5000883361 1.70391066136 3.12987513637 1.54427932457 0.763347991733 56.6928207212 -88.868585941
0269 1.67670399602 1.6268524809 0.123952539008 0.333890121727 -0.766393704809 60.2709294621 1.70392710074 3.12982693397 1.54429459603 0.761752647803 56.2846716941 -88.8700856279
0270 1.67443777362 1.62859972512 0.123844206714 0.186891078612 -0.656826112415 61.0301553724 1.70388570889 3.12986554652 1.54429301688 0.758119656145 56.5427611591 -88.8714764809
0271 1.6717941354 1.62950352753 0.123475619819 0.289938806249 -0.875368640989 61.5495163086 1.70571068905 3.12966413287 1.54447583185 -114.536161567 46.6686163438 -99.113640833
0272 1.67022947129 1.63092772855 0.124017210708 0.328405625618 -0.878368593675 62.4403108099 1.70387687026 3.12986274255 1.54430278273 0.767174897531 56.6335932025 -88.8671689978
0273 1.66785779594 1.63243196999 0.12378137377 0.165355334711 -0.790097389884 63.2355342883 1.70390252266 3.12982749113 1.54429515902 0.739834238272 56.1889528115 -88.8938914286
0274 1.66554784031 1.63410843277 0.123947158036 0.319069171037 -0.830385029283 63.9291757664 1.70395004401 3.12982403767 1.54427560587 0.759378879738 56.483907905 -88.8711543015
0275 1.66351343053 1.63532492531 0.124032952652 0.285736407797 -0.866164395746 64.7109018696 1.7042559394 3.12959656941 1.54431055241 -10.4243088857 55.1926712709 -90.8474087146
0276 1.66140137529 1.63675546003 0.123986610314 0.275670661066 -0.799692006067 65.4673935485 1.70391159144 3.12985326035 1.54427584308 0.763941601122 56.5669525445 -88.8693972987
0277 1.65911006756 1.63841777069 0.12397591199 0.315762101967 -0.716857379712 66.2336697632 1.70402136564 3.129669002 1.54429682754 0.746329539791 55.538085064 -88.8932351626
0278 1.65734104965 1.63928096926 0.123814967095 0.177060923567 -0.646293969938 66.8037751863 1.70391586318 3.12985346786 1.54428085646 0.763727613755 56.5155973686 -88.8679417451
0279 1.65480549391 1.64053796335 0.124026893002 0.385816751884 -0.852710603586 67.6512843063 1.70389512137 3.1298514997 1.54429109606 0.75100582201 56.4287542372 -88.8784564787
0280 1.65237469795 1.64175667735 0.123953292895 0.406256075611 -0.826208973832 68.441805187 1.70391444581 3.12984203365 1.54428635356 0.75734851688 56.4705021987 -88.8699569032
0281 1.64838614917 1.64295691709 0.122457578334 -0.15797253185 -0.834235906042 68.9446493654 1.70389729721 3.12984924837 1.54428934219 0.756628228207 56.4809955803 -88.871353152
0282 1.64672754648 1.64365031916 0.123089597942 0.46703871029 -1.08256259858 69.5920728368 1.70388689841 3.12985605881 1.54430268037 0.761850029563 56.5672713874 -88.8702251924
0283 1.64478601931 1.64517162437 0.123553407581 0.325837307551 -0.954362211295 70.556909914 1.70391660926 3.12983779164 1.54430169999 0.765492063232 56.3801755663 -88.8681893173
0284 1.64317056991 1.6465012014 0.123967846199 0.15606371121 -0.666548030215 71.3001297791 1.70410747519 3.12959814454 1.54430721507 0.757656967711 55.3239902615 -88.8839305869
0285 1.64081015282 1.64762386975 0.124359609716 0.592003285722 -0.865507610391 72.0769129034 1.70408087853 3.12961895134 1.54429820405 0.758661829588 55.4034983427 -88.880017212
0286 1.63824620681 1.64872279533 0.124220370746 0.411882547929 -0.905237434184 72.8311381228 1.70390979457 3.12984390965 1.54429406779 0.755944432358 56.4145722409 -88.8747508606
0287 1.63592666793 1.64961396574 0.124107849538 0.364603275088 -0.807820679521 73.5412148612 1.70391205291 3.12984978295 1.5443008928 0.753840381668 56.4798351483 -88.8795838785
0288 1.63208136925 1.65056093312 0.122968301128 -0.058544627219 -0.945626280371 74.0444252762 1.70466384909 3.1297622431 1.54435582624 -47.6552004645 54.6658141991 -97.099380371
0289 1.62988259626 1.65109036678 0.123152542368 0.160820879587 -1.01951422984 74.8072219106 1.70391140533 3.12986354698 1.54428368109 0.77009898708 56.6288335675 -88.8582775216
0290 1.62747331187 1.6520692888 0.123156083176 0.387016464536 -1.11107098059 75.5515830261 1.70390013635 3.12988393248 1.54425784511 0.779185145604 56.8752314942 -88.8498811247
0291 1.62509736905 1.65333133213 0.123237784117 0.29767191437 -0.848549005938 76.3372828263 1.70410124773 3.12953225013 1.54435081678 0.713354241618 54.4383785151 -88.9325205425
0292 1.62277066989 1.65423900679 0.123356762563 0.537018706605 -1.06856218216 77.007939391 1.70392160675 3.12982181863 1.544292724 0.751777617759 56.3419696475 -88.883044262
0293 1.62040181829 1.65483454621 0.123140676022 0.2688666279 -0.92542684688 77.7537603456 1.70392846124 3.12979964918 1.54431147355 0.746001934315 56.0040125836 -88.8859538143
0294 1.61794813798 1.6558545637 0.123173196625 0.407532515948 -0.886433130398 78.601950658 1.70624226963 3.12958968526 1.54452068378 -136.266559317 44.6034094706 -96.3259364846
0295 1.61624075044 1.65702032508 0.124015597979 0.307417892699 -0.62996124976 79.4626774997 1.70393216792 3.12984320257 1.54429115002 0.753797198258 56.3115285277 -88.8813954311
0296 1.61388207312 1.65744434214 0.12400223768 0.310160242726 -0.772866167438 80.1989472546 1.7068857209 3.12954834197 1.54446453749 -179.528489682 41.8378051354 -89.4480637143
0297 1.61077815029 1.65794703967 0.123408887926 0.125399312052 -0.679798729686 80.9148912881 1.70392293611 3.12986769277 1.54428307339 0.75662173766 56.5271161525 -88.8724445621
0298 1.60827712049 1.65873581581 0.123639908716 -0.131912945935 -0.964652757877 81.5020515455 1.70404633126 3.1297262896 1.54428077171 0.753162329694 55.8784982433 -88.8788939469
0299 1.60565594811 1.6593253698 0.123306334532 0.196589859067 -0.765399216251 82.3819745537 1.70393502002 3.12985986186 1.54427731564 0.765196806805 56.5194234856 -88.8614765485
0300 1.60326381345 1.65972464706 0.123473653235 0.273077285317 -0.778252545518 83.1263008984 1.70389492561 3.12987613505 1.54427642546 0.760071368386 56.5460769076 -88.8683890726
0301 1.60047794653 1.66044008347 0.12319061425 0.453900049098 -0.943103689722 83.6691402245 1.70389876718 3.12989916313 1.54426340094 0.760614987558 56.7428579961 -88.8682831052
0302 1.59748430714 1.66133327748 0.123104186112 0.288264712317 -0.841395562253 84.4033279471 1.70390175374 3.12987952705 1.54427900475 0.758515868065 56.5863669936 -88.8734513588
0303 1.59516783013 1.66156632823 0.123156436487 0.413921750108 -0.919943565925 85.1251706291 1.70398906937 3.12972311597 1.54431429734 0.730645962524 55.466197759 -88.9084363285
0304 1.59251458846 1.66183753312 0.123282171384 0.430526837069 -0.974708494014 85.8884724544 1.70388754868 3.12988475231 1.54427008179 0.757832001379 56.7024191576 -88.8666788284
0305 1.5896514935 1.66248118266 0.123096330229 0.209243871748 -0.915053333319 86.6117142308 1.70410362446 3.12965877574 1.54426639756 0.779008536153 55.7654591712 -88.8527410667
0306 1.58794121991 1.66276644886 0.123924579737 0.0779349025287 -0.811813725425 87.541166622 1.70391135903 3.12986017817 1.54429172899 0.77075130355 56.5185505469 -88.8581110658
0307 1.5848644021 1.66301935543 0.12347207745 0.495130781092 -0.873282729908 88.1235930209 1.70407187521 3.1296411471 1.54429400984 0.744781209406 55.2800272674 -88.8965762259
0308 1.5827203594 1.66339941732 0.123751911468 0.454505043953 -0.597240431906 89.2311511691 1.70409923217 3.12962422511 1.54435661338 0.79846625932 55.0975720709 -88.8465441424
0309 1.58001406999 1.66407536331 0.123626753502 0.334421308187 -0.474179619274 89.9036630489 1.70401337148 3.12974414397 1.54427298991 0.762264983698 55.8941138095 -88.8736347479
0310 1.5776794028 1.66421654736 0.124009951693 0.658970940924 -0.702071339716 90.5417023573 1.70390468058 3.12986896514 1.54429554937 0.761405026125 56.3857266043 -88.8699640954
0311 1.5754882045 1.66436906756 0.124163836542 0.283805959142 -0.779280111248 91.1947888198 1.7068880925 3.12957386638 1.54443443189 -179.522006292 41.9600800511 -89.4378679872
0312 1.57249613411 1.66467670443 0.124182965922 0.240970297599 -0.738449407548 91.9199394376 1.70414366718 3.12950534949 1.54436254575 0.710498651296 54.0623163913 -88.9359763654
0313 1.56952596095 1.66441478877 0.12367901172 -0.0315690011247 -0.691417793349 92.6934968757 1.70390779792 3.12983790311 1.54426958995 0.752752515354 56.2274495089 -88.8795175321
0314 1.56664459549 1.66443094526 0.123470445321 0.0615717703355 -0.860894402804 93.3491561148 1.70391133811 3.12982833804 1.54430888907 0.753436210966 56.1181426166 -88.8721659959
0315 1.5642982505 1.66459992476 0.123833286864 0.500868389752 -0.604504232374 94.2218741316 1.70390230219 3.1298704127 1.54426355428 0.756655569805 56.5762905508 -88.8742230619
0316 1.56106541247 1.66501498343 0.123342030449 -0.00533843219961 -0.673884866275 94.8267210494 1.70389489266 3.12985842803 1.54428376065 0.755446934753 56.5047911473 -88.8738699789
0317 1.5590912887 1.66489395708 0.123595553769 0.154643909107 -0.843511576515 95.5306753944 1.70406286815 3.12958930523 1.54427537131 0.770469954636 55.5525007537 -88.8630908996
0318 1.55723854661 1.6650515843 0.124079055597 0.302170981138 -0.77699836725 96.2451790126 1.70390425035 3.12984658198 1.54429012672 0.761637241746 56.5616613236 -88.8681902229
0319 1.55449377153 1.66514962515 0.124023023534 0.20793731131 -0.728262461884 97.0197024756 1.7040252477 3.12971099798 1.54429407465 0.763470095251 55.8683261224 -88.8727838802
0320 1.55122237453 1.66490289195 0.123481403163 0.210158326491 -0.733354432901 97.7496450341 1.70416762954 3.12965048775 1.54428009993 -3.88184640028 55.9164651718 -89.6867114878
0321 1.54876279843 1.664674767 0.123470538855 0.262171988352 -0.771720913475 98.4793663176 1.70406173935 3.12968039384 1.54437991251 0.911007424819 55.4738963759 -88.7325279058
0322 1.54590775147 1.66445673598 0.12335360089 0.128602732349 -0.840751378431 99.1760354838 1.7051546547 3.12951413423 1.54443983201 -68.9484335843 51.0560762392 -97.622603591
0323 1.5429161396 1.66450468113 0.123561808977 0.213669553394 -0.861424447039 99.889040714 1.70388752786 3.12986535975 1.54428953252 0.760611458566 56.652498101 -88.8637941871
0324 1.54131107696 1.66426052131 0.123903977468 0.81670679663 -0.466963222493 100.758653226 1.70400997033 3.1296504034 1.54430690978 0.738865012623 55.5461159997 -88.8966126167
0325 1.5377634993 1.66386462832 0.12321600276 0.393729606402 -1.00305493813 101.198367434 1.70396777632 3.12979394301 1.544269892 0.770568424075 56.4497173599 -88.859609447
0326 1.53499527609 1.66387829805 0.123104659586 0.243209710619 -0.958310090206 101.9434751 1.70393440268 3.12983090515 1.54429227357 0.748853155643 56.327617077 -88.8827908718
0327 1.53223601606 1.66356846627 0.122978632483 0.354004809369 -0.800167039134 102.797998828 1.70390654795 3.12985150951 1.54428943745 0.747644246987 56.4719400154 -88.87918018
0328 1.53006468888 1.66300502184 0.12322353419 0.447941443603 -0.99050882755 103.427421856 1.70399760523 3.12977671385 1.54427180895 0.768714605754 56.2531385343 -88.8651385895
0329 1.527937137 1.66268186991 0.123840376065 0.571651314079 -0.638906786324 104.573200081 1.70391900928 3.12985575597 1.54426880942 0.791662803599 56.6580210746 -88.8435700991
0330 1.5249187036 1.66208213734 0.12351835521 0.215268350465 -0.862120191509 105.174439745 1.70392054365 3.12985729329 1.54427332249 0.763493518556 56.584342954 -88.8688233696
0331 1.52312152599 1.66153278891 0.123864701017 0.66027854335 -0.696264248839 105.928020455 1.70391629846 3.1298339751 1.54431889237 0.740625352052 56.1686679049 -88.8893935344
0332 1.52060136533 1.66104098727 0.123817652645 0.539021475527 -0.612225072815 106.711184814 1.70389846972 3.12987810767 1.54426511097 0.763793273978 56.7079847495 -88.8658192414
0333 1.51699222034 1.66094009213 0.123107797469 0.444601554459 -0.909667426066 107.085710625 1.7040455809 3.12965193335 1.54427027817 0.766992241633 55.787179312 -88.8664104467
0334 1.51458318611 1.66059738569 0.123235425481 0.578999508589 -1.13988988516 107.740375514 1.70403816928 3.12969002433 1.5442988104 0.763381071094 55.7671862887 -88.8734245539
0335 1.51338439764 1.65988819458 0.124307643846 1.23233548108 -0.384986139586 108.915072038 1.70411261231 3.12961130703 1.54432503061 0.267557742773 55.1669648362 -88.9712209955
0336 1.50980301417 1.65912077052 0.123113643731 0.432093076712 -1.04184785264 109.190645386 1.70392551096 3.1298240211 1.54428371182 0.769696984284 56.3443059954 -88.8655259476
0337 1.50685431489 1.65821152743 0.123147302723 0.344682775955 -0.870917266089 110.013486906 1.70390363821 3.12986828096 1.54427809255 0.758110312857 56.6664960203 -88.8705376431
0338 1.5045028861 1.65763793815 0.122938263814 0.220965526505 -1.18855728431 110.547166367 1.70390730864 3.12988101759 1.54425354847 0.769109284412 56.8012789377 -88.8582455231
0339 1.50296217899 1.65686584429 0.124198648487 1.07761683052 -0.690253814864 111.83327764 1.70388596156 3.12987391092 1.54428207497 0.761617850296 56.6584728764 -88.8719714485
0340 1.49975797004 1.65626057677 0.123486218745 0.197588841501 -0.826374800921 112.356396747 1.70392179353 3.1298425008 1.54428481218 0.769926815 56.4607539695 -88.860065616
0341 1.49699273141 1.65573768829 0.12310395935 0.4258101358 -0.961791890775 112.986406949 1.70392406341 3.12980240898 1.54431926252 0.748215217251 56.0193669152 -88.8881191048
0342 1.49471399451 1.65493028562 0.123209454003 0.42709818717 -1.03090848964 113.61789158 1.70400802637 3.12974210716 1.54428405962 0.761678712177 56.0659244118 -88.87412877
0343 1.49199488605 1.65411149414 0.123221449936 0.485955716769 -1.01603855504 114.384834969 1.70523415021 3.12949068227 1.54448323832 -71.7500088922 50.0640126385 -96.9635205078
0344 1.48915920167 1.6534030213 0.123384159238 0.693697697744 -0.664803389221 115.157484099 1.70390625863 3.12983942535 1.54428453756 0.748392056129 56.3118633525 -88.8810565351
0345 1.48688153517 1.6521824267 0.122959908761 0.126723203373 -1.11865814564 115.791821975 1.70400294225 3.12968593304 1.54432473156 0.726404330948 55.2360452916 -88.9117265982
0346 1.4846132709 1.65105961566 0.123021572479 0.202969089495 -1.1823807524 116.643355628 1.70396076594 3.12982449952 1.54424757093 0.790560717368 56.6856487333 -88.8379967249
0347 1.48185509918 1.65002521271 0.123069605866 0.314448544366 -1.04942057523 117.401994233 1.7039358414 3.12985077587 1.54426264054 0.761539604433 56.5625402037 -88.8681136921
0348 1.47972343217 1.64964272329 0.123227394324 0.694794493232 -0.899275279703 118.026011887 1.70397747151 3.12971148873 1.54433581703 0.733646848681 55.3733100271 -88.8983109186
0349 1.47740520854 1.64848155249 0.123173724852 0.402048764389 -1.04331940965 118.893921483 1.70388530616 3.12988369522 1.54428024851 0.767878462057 56.7395203055 -88.8629611564
0350 1.47509891261 1.64747220765 0.123182337931 0.412653968688 -1.09489674663 119.652269132 1.70391417054 3.12976421976 1.54432509959 0.712787755336 55.5546545982 -88.9248797425
0351 1.47228793329 1.64667673358 0.123030437975 0.403821708011 -0.844308752207 120.399350632 1.70391984147 3.12987976519 1.54426048141 0.775859205237 56.8344743303 -88.8504752353
0352 1.47070883878 1.64549999976 0.123713218231 0.842671245302 -0.699776640549 121.369992428 1.70398535864 3.12975223713 1.54429616486 0.750814524737 55.9234918278 -88.8839070669
0353 1.46772002727 1.6443772418 0.122683723048 0.147033906347 -0.826880862082 121.854715644 1.70412712529 3.12948215057 1.54436498196 0.708879863527 54.0566810502 -88.9339336594
0354 1.46535338154 1.64292743094 0.123103711439 0.403990842843 -1.06313594942 122.593644723 1.70404351255 3.12969258692 1.54429440518 0.75396820885 55.6755224526 -88.8766549277
0355 1.46310114276 1.6414427404 0.12298514037 0.343917066127 -0.946533604004 123.457671426 1.70397450738 3.12976515666 1.54429040914 0.756980580754 56.0567949108 -88.8755620517
0356 1.46096652025 1.64039592407 0.122984711893 0.28876843842 -1.03004785347 124.071485819 1.70704877972 3.12951472388 1.5446086761 -179.176747135 42.4639588923 -89.2164058148
0357 1.45864486758 1.63933265556 0.123199031486 0.4658042682 -1.14852258395 124.766218227 1.70599384469 3.12961625552 1.54448877755 -124.04748656 45.8002883826 -97.7995797341
0358 1.45603659111 1.63807301712 0.123023924538 0.35122421783 -0.831980696936 125.660781527 1.70393197648 3.1298309336 1.54429015327 0.753112639288 56.2756877731 -88.8786974283
0359 1.45498426755 1.63724603899 0.123895547832 1.02229552274 -0.301030630708 126.744832744 1.70387781039 3.12985950038 1.54429788136 0.759795906903 56.385222287 -88.8747359383
0360 1.45179332385 1.63580224735 0.122783669526 0.165915077996 -1.06237413074 126.989435822 1.70391663645 3.12984904606 1.54427406226 0.755087726841 56.4428417825 -88.8717794037
0361 1.44943660622 1.63419608077 0.122913683551 0.321729449332 -0.911755642626 127.840576582 1.70403458151 3.12966473047 1.54434234663 0.724467335669 55.0370259881 -88.9172000712
0362 1.44701653385 1.63277246258 0.123039125186 0.578149814416 -0.726004324545 128.641348441 1.7069207178 3.12953917604 1.54445315141 -179.521238017 41.8823123776 -89.4499583568
0363 1.44477867521 1.63115985191 0.122330615665 0.126342303543 -0.779848831205 129.392863238 1.70386945608 3.12986921085 1.54430028775 0.764655841324 56.45829677 -88.8710782904
0364 1.44302130023 1.62958730723 0.122988859718 0.419891344283 -1.13223824072 130.013864103 1.70390539504 3.12986998144 1.54426872372 0.778217673087 56.6681689024 -88.8503664126
0365 1.44062533749 1.62816996848 0.122759777269 0.318732780348 -0.809224370244 130.983361109 1.70392082899 3.12982405047 1.54429995194 0.750350104916 56.1760254192 -88.8824309514
0366 1.43870383445 1.62691188326 0.122725654012 0.207437524781 -0.829548904422 131.525544997 1.70495030243 3.12975179141 1.54437814335 -65.2596424682 52.9475825522 -98.885594325
0367 1.43672746069 1.62570890959 0.122743889333 0.132089712133 -1.05454440836 132.186416033 1.70386353945 3.12991872803 1.54425877028 0.78066840647 57.0682703731 -88.8504533166
0368 1.43489927323 1.62404458718 0.12277595299 0.674794073491 -0.69876415015 132.982424743 1.7041433443 3.12947692496 1.5443721347 0.709399872848 53.9568499979 -88.9426352565
0369 1.4326807824 1.62223016458 0.123168833283 0.76755601704 -0.624530442871 133.930980996 1.70389781073 3.12986436883 1.54427501959 0.766031550781 56.6414832083 -88.863740759
0370 1.43065443351 1.62078633262 0.122896970928 0.528973772733 -0.97062846283 134.492771847 1.70389612507 3.12981044584 1.54430565424 0.729457062311 56.0157962025 -88.9061266797
0371 1.44164442883 1.61377151753 0.113409206499 0.398134999117 -0.904802309631 135.215636041 1.70408219899 3.12965149546 1.54429757072 0.777765949819 55.6715818789 -88.8550006186
0372 1.42614961912 1.6169088401 0.122536919575 -0.0237586791391 -0.886907250796 135.929958222 1.70390543122 3.12987817186 1.54426691259 0.77163842936 56.6929712125 -88.8577785896
0373 1.42469238105 1.61537166418 0.122787130463 0.2787148197 -1.00934991102 136.719597734 1.70388521835 3.12985355041 1.54428206755 0.752985388543 56.5577870556 -88.8779527315
0374 1.42282894847 1.61372854863 0.122886181158 0.277270579471 -1.05000403653 137.479781312 1.70411244774 3.12962161888 1.5442810299 0.764189904156 55.381232914 -88.8785433474
0375 1.42069909029 1.61188435614 0.123029220378 0.331179840312 -0.902896035399 138.402911357 1.70404699596 3.12968297466 1.54428823694 0.775943844542 55.7815506347 -88.8614861905
0376 1.41865114639 1.61025682196 0.12290884524 0.282105157527 -0.92370065777 138.952360545 1.70391044839 3.12981924426 1.5442960788 0.738142825187 56.1268653162 -88.8966004452
0377 1.42936726695 1.6035252432 0.113966575332 0.246855540667 -0.862595714068 139.828597339 1.70390005004 3.12983916955 1.54428587988 0.760775231249 56.4739005666 -88.8676771595
0378 1.41524940061 1.60653663091 0.122980721277 0.353766228521 -1.02812070692 140.460860104 1.70403930777 3.12971235781 1.54430056214 0.765471332068 55.7000949888 -88.8708147163
0379 1.41311530575 1.60451206199 0.122830481645 0.181815182975 -0.939090636963 141.211167407 1.70404958178 3.12969566238 1.54429092026 0.759914179082 55.7926552985 -88.8795265581
0380 1.41174079189 1.60263513504 0.12311676246 0.635818553446 -1.19307836587 141.91233515 1.70389333429 3.1298752035 1.54427001993 0.771661137318 56.7590737297 -88.8580951441
0381 1.42283167786 1.59559340466 0.113432928174 0.344392858961 -1.06364854711 142.791184233 1.70406516525 3.12970703748 1.54425453772 0.785481739239 56.1278246648 -88.8466058409
0382 1.40805525775 1.59884044583 0.122962295267 0.452863078411 -0.968294374784 143.592669142 1.70389934086 3.12977259085 1.54432595283 0.725586002735 55.5761943046 -88.9105626124
0383 1.40619200223 1.59727804617 0.122825034298 0.482108405727 -0.947002780796 144.193611384 1.70391843462 3.1297462439 1.54433872634 0.712880162336 55.4175428838 -88.920132316
0384 1.40495107115 1.5954913786 0.122935556708 0.457257879618 -1.01640910757 144.879504152 1.70496453294 3.12975524381 1.54433407581 -72.0744161226 52.2361593894 -99.9891738229
0385 1.40314676163 1.59352844214 0.122935132805 0.593776072182 -0.952149368953 145.654069815 1.70389970825 3.12984248219 1.54428781049 0.750500060201 56.3757363245 -88.8805389897
0386 1.40100192751 1.59123822692 0.122763943503 0.299202146943 -0.884709941838 146.392775121 1.70390963902 3.12985841862 1.54426096376 0.773424413887 56.633642482 -88.8549356867
0387 1.39960167824 1.58919603074 0.122785115922 0.384273526536 -0.966757268745 147.079286013 1.7039717216 3.12980074618 1.54428102714 0.772268948795 56.3693790174 -88.8534084232
0388 1.39801336743 1.58677578787 0.122697195775 0.357249449316 -1.04282832607 147.789829262 1.70402666673 3.12970325277 1.54429119347 0.752909380023 55.6642433362 -88.8830051669
0389 1.39605923207 1.58491725259 0.122426899411 0.0142590286917 -0.806080322095 148.539967119 1.70411315419 3.12961328505 1.54427492047 0.772555030148 55.5619918664 -88.8661830829
0390 1.39454490752 1.5829951202 0.122724196793 0.412332280901 -0.85721843134 149.320547644 1.70397725694 3.12977583503 1.54428305401 0.763912718499 56.207050743 -88.8704295522
0391 1.39339881758 1.58107333352 0.122834089573 0.51768156763 -0.92746814255 150.036735559 1.70396756041 3.12969016619 1.54434729532 0.705186013506 55.0181711346 -88.933284658
0392 1.39188392339 1.57871145637 0.122983473031 0.491849797296 -0.921209146874 150.960181967 1.7039264664 3.1298187152 1.54428015113 0.758210626635 56.3363567543 -88.8669710268
0393 1.38994997244 1.57670497945 0.122643239712 0.419442901772 -0.8315909522 151.523859607 1.70402485719 3.12967281998 1.54432878451 0.71533975173 55.1283967197 -88.9196938801
0394 1.39306764849 1.57317301918 0.119535757956 0.56958084119 -0.885138981293 152.21713075 1.7039696337 3.12977554247 1.54430274135 0.7538088385 55.9735088744 -88.8774233498
0395 1.38744878387 1.57205556886 0.122455629141 0.150278711891 -0.872813205361 153.1420421 1.70389435238 3.12973167632 1.54431575448 0.72177001372 55.5628656618 -88.9104241722
0396 1.38617355033 1.569713072 0.122720593058 0.449894701873 -1.01190813617 153.758774489 1.70403772632 3.12975351775 1.54427430988 0.785700973556 56.2503546403 -88.8452181373
0397 1.38426197205 1.56772860887 0.122249234068 0.166396039733 -0.726304606742 154.458844603 1.70389686945 3.12982954159 1.54430329686 0.749726094489 56.1886714204 -88.8863964347
0398 1.39535501606 1.56089108211 0.113922893452 0.541901534502 -0.961335988164 155.272282234 1.70389902664 3.12986617317 1.54429473934 0.778163490911 56.5032505986 -88.8483002551
0399 1.38192182519 1.56327790479 0.122812474409 0.519751160815 -0.89128806012 156.122542776 1.70405835585 3.12968675092 1.54426485355 0.752608761171 55.8269548082 -88.8810019866
0400 1.38016710965 1.56108390512 0.122628100889 0.432014019798 -0.770502605002 156.714925126 1.70391891627 3.12984979079 1.54429166884 0.758009595294 56.4304791348 -88.8749528882
0401 1.37917790959 1.55913270116 0.122587805789 0.312971545009 -0.758910502308 157.333087998 1.70389413499 3.12984679062 1.54430661977 0.765375095037 56.3383328961 -88.8619827569
0402 1.37814407373 1.55642670972 0.122777564022 0.473757366668 -0.863923690123 158.264986113 1.70388745703 3.12984648872 1.54430975632 0.750672995749 56.3302554621 -88.8786214332
0403 1.37644874211 1.55378073923 0.122338460707 0.0668509305608 -0.670640700474 158.819700162 1.70392116554 3.12976800783 1.54430641656 0.730966870402 55.7275137514 -88.9057576297
0404 1.37539071427 1.55157937009 0.122355969578 0.445409996517 -0.758859242206 159.666309013 1.70392070059 3.129816067 1.54431481098 0.73781545979 56.1038693188 -88.8913717234
0405 1.37468662352 1.54937753918 0.122536713481 0.5740836205 -0.856196547724 160.409796872 1.70588038219 3.12958504921 1.54438554642 -120.80780724 45.7643481499 -98.3182389014
0406 1.37341046157 1.54726646242 0.122578962659 0.57888669894 -0.818404595277 161.111939558 1.70405447529 3.12965839404 1.54429620993 0.754513059462 55.4560583543 -88.8860763356
0407 1.37195552254 1.54467299296 0.122603544969 0.348342711645 -0.751363006893 161.837999437 1.70391238773 3.12980970066 1.54431299956 0.732748957716 56.0215408531 -88.9027026201
0408 1.37104505872 1.54251515871 0.122610134269 0.499105526138 -0.718422373498 162.527937389 1.704032532 3.12964203892 1.54429000936 0.761855856378 55.5809802961 -88.8750406283
0409 1.37022041451 1.54019969476 0.122631675188 0.515257250453 -0.780710628642 163.255207595 1.70402382193 3.12965185023 1.54429301382 0.759895465015 55.6739576684 -88.8764059295
0410 1.36971988953 1.53690141907 0.122298566013 0.449407438809 -0.789189811874 164.194284829 1.70390538113 3.12984777082 1.54426838954 0.74973558377 56.3874552018 -88.8868608595
0411 1.3679569186 1.53482943595 0.122556680463 0.300603903456 -0.720656741676 164.748430986 1.70388945574 3.12981194365 1.54430028807 0.739350111535 56.0806766598 -88.8955125115
0412 1.3675260089 1.53225714584 0.122607121184 0.461376467983 -0.838391075919 165.523166042 1.7039449411 3.1298177211 1.54426975737 0.775391199044 56.5263209442 -88.8539347956
0413 1.36663023266 1.52983581282 0.12253013807 0.309242319689 -0.899108034904 166.190114577 1.70390228438 3.12983651919 1.54429309768 0.75916324834 56.3796887475 -88.868428966
0414 1.37009697615 1.52516666855 0.11890398392 0.135344719227 -0.691468303487 167.021652436 1.70388743883 3.12986232425 1.54427825648 0.759536367888 56.5524581922 -88.8732497422
0415 1.36456712596 1.52486315463 0.122527072925 0.357410817469 -0.699479306377 167.684957964 1.70389680971 3.12984453102 1.54429333604 0.761698429323 56.4107128925 -88.8750204392
0416 1.37580331813 1.51786762209 0.113532756185 0.267675752742 -0.648646838289 168.436645479 1.70389452559 3.12983344193 1.54428145765 0.74608707126 56.3940512234 -88.8868457775
0417 1.37582822461 1.51481403231 0.112690335835 0.111034065924 -0.465762832491 169.260540195 1.70391257577 3.12983250211 1.54428329701 0.754606032535 56.3308988307 -88.8763198118
0418 1.37469371676 1.51209467948 0.11275564016 0.0389066539072 -0.540844076441 169.920872542 1.7039801441 3.12975693934 1.54428997254 0.762898838582 56.1089895068 -88.8726635912
0419 1.37423085953 1.50972290665 0.1126907839 0.0934591804673 -0.536761211618 170.629553655 1.70412609274 3.12962959999 1.54429351187 -0.265040956412 55.4738874826 -89.0571486808
0420 1.3737219607 1.50681523161 0.112606742639 -0.0294110709954 -0.580119440912 171.384548828 1.70390027831 3.12984373835 1.5442915481 0.760265250189 56.3710082518 -88.8705976015
0421 1.35992673446 1.50910169744 0.122252934635 0.139557903445 -0.58248844906 172.127058201 1.70392311874 3.12985899405 1.54427745026 0.773532153745 56.6413001602 -88.858100261
0422 1.35944737865 1.50675731661 0.122460018062 0.0711491700945 -0.577710771709 172.7331635 1.70391000123 3.12983766136 1.54429381361 0.753349033095 56.3592733111 -88.8795484051
0423 1.35868075743 1.50438712175 0.122172446209 -0.108321405559 -0.385953931717 173.5862542 1.70402838999 3.12967645865 1.54430277254 0.766915445091 55.6710317073 -88.8697358554
0424 1.35810900439 1.50190363573 0.122502495936 0.163486150948 -0.53358426318 174.369733832 1.70389406453 3.12987472332 1.54426542551 0.770741351213 56.7827459637 -88.8601731913
0425 1.35751407416 1.49884849402 0.122549012954 0.153210768203 -0.583527221314 175.180911267 1.70392045946 3.12980688777 1.54430603454 0.750156055389 56.1580095249 -88.8838133636
0426 1.35724747621 1.49672069599 0.122545474113 0.181345785219 -0.645522285158 175.91664362 1.7040138672 3.12972352025 1.54426800693 0.766817800482 56.0800597383 -88.8667786302
0427 1.35688385229 1.49396136788 0.122366587081 0.072190708326 -0.63628328491 176.634571005 1.70391417787 3.12979083536 1.54431736618 0.749099339824 55.8863306091 -88.8877818266
0428 1.35626954324 1.49128615818 0.122224166362 -0.0279453902934 -0.57578904327 177.283268184 1.70390342112 3.12985041429 1.54428766862 0.767577080547 56.4551912967 -88.860061419
0429 1.35626957717 1.48889382001 0.12238557523 0.240450964471 -0.750899661461 177.963100959 1.70399002531 3.12975344342 1.54429867433 0.762534154367 56.0116647472 -88.8717166696
0430 1.35581759422 1.48611069893 0.122400017147 0.0778891579952 -0.685285354114 178.807131964 1.70686066204 3.12954758763 1.54446666911 -179.521782142 41.9670138828 -89.4395759494
0431 1.36820007322 1.478581306 0.112365803398 -0.0539233523007 -0.410113013804 179.618438765 1.70392245369 3.12982940683 1.54429924599 0.722586906199 56.2735690207 -88.8989270285
0432 1.35453834352 1.48073974687 0.122104938641 -0.293869562372 -0.35334838403 -179.683203795 1.70387557388 3.12984825921 1.54428777631 0.751419354571 56.4347847754 -88.8816667444
0433 1.35457210125 1.47853791642 0.122309383929 -0.0354470695307 -0.505819436646 -178.935377167 1.70404954996 3.12966612181 1.54427580361 0.76403727113 55.8242424545 -88.8692295173
0434 1.36745593811 1.470680018 0.112085340917 -0.0910482173322 -0.219408167489 -178.029490716 1.70389060537 3.12985063345 1.54429341833 0.765494352129 56.4890254034 -88.8660825945
0435 1.367025705 1.46792040149 0.112280460755 -0.237868062777 -0.353225520811 -177.463968913 1.70391318713 3.12983940323 1.54427261626 0.761466872441 56.4823762706 -88.8720221871
0436 1.35426112336 1.47044121448 0.122350736819 -0.0495618044161 -0.666534551777 -176.733463906 1.7038869573 3.12986705774 1.54427982354 0.756640651661 56.620707664 -88.8747546259
0437 1.35434289837 1.46780848091 0.122318582263 -0.0592525754224 -0.721240813848 -176.027824782 1.70391761211 3.12984738958 1.54428231209 0.771661042583 56.5418559257 -88.8545585172
0438 1.35408995059 1.46518943552 0.122287661506 -0.0766560079713 -0.614298662996 -175.31125465 1.70397395972 3.12967903431 1.54432078935 0.717410444071 55.1872377424 -88.9195697164
0439 1.35385358682 1.46251694848 0.122227663575 -0.110746310402 -0.508438866309 -174.570618595 1.70409168539 3.12963408261 1.54426491106 0.774196229541 55.7097622195 -88.857657532
0440 1.35401399521 1.46023404374 0.122244729371 0.131856830716 -0.437915031941 -173.96770513 1.70386655053 3.12984466375 1.54431889548 0.750362941402 56.3137590486 -88.8851877836
0441 1.36299081282 1.45437112662 0.115298203697 0.0403366316801 -0.386764474789 -173.170592569 1.70390381611 3.12984316686 1.54427272918 0.762013653874 56.4361658415 -88.8662650752
0442 1.36250028975 1.45134828466 0.115468716897 -0.0826872448676 -0.338523153045 -172.397171025 1.70388358986 3.12984546092 1.54428132842 0.758356484759 56.5825063875 -88.8722139489
0443 1.36702663008 1.44720718192 0.112127465734 -0.0239940239122 -0.282699568981 -171.677254546 1.7040888462 3.12966173954 1.54425953059 0.777419646608 55.9772722206 -88.8464314719
0444 1.35452494305 1.44928467306 0.122141250484 0.10474206871 -0.442949153591 -170.819030203 1.70400415747 3.12969697168 1.54430054558 0.756203469245 55.7384558427 -88.8797358582
0445 1.35451917576 1.44692613672 0.121981586735 0.155609347477 -0.40775983502 -170.214882381 1.70387857786 3.12987653432 1.54426093999 0.769332862456 56.7111174787 -88.8584681668
0446 1.35449156092 1.44429617492 0.121887892267 0.24437210935 -0.313062559182 -169.48988253 1.70390049183 3.12982803405 1.54431320863 0.750805079872 56.2949528669 -88.8779917277
0447 1.3547453602 1.44197316244 0.122184616674 0.288398012372 -0.457960118909 -168.698190545 1.70389078243 3.1298494635 1.54429078881 0.756991171741 56.3595137324 -88.8766151184
