timestamp x_robot y_robot z_robot roll_robot pitch_robot yaw_robot runtime
0000 0.26405343413352966 -0.4026881456375122 2.2307610511779785 147.1096734891417 -28.953508675437092 -34.3386216659057 2.3751299349969486
0001 0.254241943359375 -0.4012824594974518 2.204145669937134 145.29761971901715 -29.870175265594856 -34.84366734351211 0.0362474689973169
0002 0.2549988031387329 -0.4053148031234741 2.215640068054199 149.47424073834304 -33.50060748029921 -36.55562612558343 0.03204949799692258
0003 0.25435498356819153 -0.4092266261577606 2.2293384075164795 150.02180356368902 -28.33363773172433 -38.76047804551534 0.03533214600611245
0004 0.2536665201187134 -0.4111740291118622 2.2334799766540527 152.73037377736804 -33.26365152942344 -41.226777029899516 0.033098207000875846
0005 0.2540094256401062 -0.4148561954498291 2.249032497406006 153.34434337876542 -30.469521760607154 -41.89499311292166 0.03518507399712689
0006 0.2506262958049774 -0.4130346179008484 2.231962203979492 149.95238544846544 -35.07591881618844 -40.09414536853591 0.033577162997971755
0007 0.2486596554517746 -0.41590988636016846 2.2380130290985107 152.3817985375598 -32.54096452158719 -41.075327774791376 0.034627620996616315
0008 0.24946178495883942 -0.41972532868385315 2.2536532878875732 151.40315758961884 -37.703429879557035 -41.506832180464706 0.0331041239987826
0009 0.24381595849990845 -0.4153851568698883 2.2241382598876953 152.21369377508404 -30.330532213659964 -41.9204077174804 0.0310847319997265
0010 0.24498912692070007 -0.42135146260261536 2.2504055500030518 152.1360211541056 -33.87662268131226 -42.74726642399953 0.03605170900118537
0011 0.23951366543769836 -0.416634202003479 2.221038818359375 151.41487588298978 -33.79113685599183 -42.6877563503825 0.03219304300000658
0012 0.23907466232776642 -0.4210852384567261 2.231841564178467 152.4396980738433 -33.806208603412266 -44.175515939645706 0.03381263000483159
0013 0.23941245675086975 -0.42516255378723145 2.254028558731079 158.3898362980897 -31.009759983105916 -49.5850311869321 0.03374489099951461
0014 0.2361544519662857 -0.4236156940460205 2.2345924377441406 151.66189981836843 -36.06862289158438 -45.15867250187463 0.031109447998460382
0015 0.23449046909809113 -0.4254671037197113 2.2431318759918213 153.44123088708474 -31.07401663324939 -46.4532734180903 0.03500196499953745
0016 0.23078815639019012 -0.4223676323890686 2.217881202697754 151.64564944450663 -38.611283684637264 -44.79724418283129 0.03446178000012878
0017 0.22932226955890656 -0.4261820316314697 2.2381975650787354 155.13693445214471 -28.034311697765176 -47.78623831479808 0.035268835999886505
0018 0.23019538819789886 -0.4308415949344635 2.250565528869629 149.91637396266833 -40.786683343057724 -45.84624606389939 0.03407371899811551
0019 0.22183610498905182 -0.4217449724674225 2.2026944160461426 155.0662866805363 -37.483005526058875 -47.576608311057655 0.036742616997798905
0020 0.22731733322143555 -0.43659690022468567 2.2696304321289062 153.86444282326153 -36.490405021254915 -49.609411939611725 0.038555884995730594
0021 0.22259339690208435 -0.4351842999458313 2.2576146125793457 155.3782141141509 -36.138605250324055 -49.82889791377871 0.03871767399687087
0022 0.22176790237426758 -0.4361366331577301 2.2622127532958984 151.48454712089048 -37.425829126040895 -49.48829731480061 0.033499077006126754
0023 0.21720586717128754 -0.43459373712539673 2.2451047897338867 157.7143187590032 -35.928029993528746 -51.099851484078194 0.03473585700703552
0024 0.21803072094917297 -0.4364374876022339 2.2571604251861572 160.07620505033248 -32.07657568290423 -56.86619548814568 0.03477079399453942
0025 0.21389296650886536 -0.434770405292511 2.2408769130706787 155.91345424371679 -37.903177450452056 -53.49949949311843 0.041072205000091344
0026 0.2134629786014557 -0.439376562833786 2.255242347717285 160.1646111334888 -39.91873139811437 -55.37687953045105 0.03611688299861271
0027 0.20643733441829681 -0.43317729234695435 2.2270607948303223 158.575622000343 -35.13504095506334 -55.219677587804235 0.034771818995068315
0028 0.2027072310447693 -0.4311685264110565 2.2113986015319824 158.28705437366582 -36.886222590498356 -56.94144754226379 0.033321784998406656
0029 0.20583145320415497 -0.44138655066490173 2.249368906021118 157.0347021218631 -43.35519973027648 -55.59016194442984 0.028913886002555955
0030 0.20425184071063995 -0.4427018165588379 2.258723735809326 160.5388995796159 -37.888449071640984 -58.31063940496585 0.03235599300387548
0031 0.201976016163826 -0.44383615255355835 2.256679058074951 155.4522666270408 -41.051518931277556 -55.412557120660864 0.03545741900597932
0032 0.19896404445171356 -0.4454573392868042 2.2562034130096436 160.97141349465358 -39.856084840497765 -59.0312392758924 0.035473666997859254
0033 0.1986560970544815 -0.44809454679489136 2.272407293319702 159.19283903861398 -39.85606293881535 -59.5391385947093 0.031242152996128425
0034 0.1960829198360443 -0.4491015076637268 2.272294282913208 161.8334409653356 -42.30266279844379 -60.779545109576766 0.034928237000713125
0035 0.1974715292453766 -0.45748215913772583 2.3057756423950195 163.87749898414776 -39.4084005113026 -63.86410180303546 0.03741657600039616
0036 0.1907748281955719 -0.44892576336860657 2.261578321456909 158.01817074785396 -43.20804118230727 -60.438220209803625 0.03394191599363694
0037 0.18794949352741241 -0.4476422071456909 2.253980875015259 162.58801839893331 -40.13937295273721 -61.96085587770759 0.0351263740012655
0038 0.18376073241233826 -0.44308915734291077 2.2298996448516846 156.01953255904428 -43.12794710329254 -61.22196716270986 0.03668997400382068
0039 0.1818191558122635 -0.4482979476451874 2.2476391792297363 161.11605880247458 -39.44229186139407 -62.19908498526933 0.03333062800084008
0040 0.18295671045780182 -0.4532168507575989 2.2688260078430176 157.7611744715573 -40.54641750874462 -63.101421286963564 0.03620869599399157
0041 0.17909276485443115 -0.4536018371582031 2.262032985687256 165.16062834083183 -43.62379438780281 -66.27177906999604 0.03294303900474915
0042 0.17729736864566803 -0.4535101056098938 2.261939525604248 162.54134365561723 -41.092348139053506 -66.92947958788507 0.03436682500614552
0043 0.1758318841457367 -0.45645445585250854 2.27717661857605 163.36549362073035 -37.7283579978696 -66.56842901188662 0.03536857599829091
0044 0.17362256348133087 -0.4563908874988556 2.2709457874298096 164.32622091373474 -43.65654656916614 -69.18055467087422 0.03549999200185994
0045 0.17201992869377136 -0.46109887957572937 2.2928311824798584 168.41790384404737 -41.37919697514436 -70.76672979181633 0.033565322002687026
0046 0.1712065190076828 -0.4653776288032532 2.3075103759765625 168.06515478259053 -43.74863454445049 -72.17304522491018 0.03424898899538675
0047 0.16824229061603546 -0.4641251266002655 2.3014893531799316 172.8511294219439 -41.21973967633633 -75.53694702213133 0.03725893500086386
0048 0.16522030532360077 -0.4609123468399048 2.2808151245117188 169.58483754588332 -43.30198246783703 -73.8604738773027 0.03345600199827459
0049 0.16300754249095917 -0.46475228667259216 2.293752431869507 171.31060899750187 -41.971595117873015 -74.61591729415392 0.032794969993119594
0050 0.16132599115371704 -0.46633315086364746 2.303295135498047 170.3357847271505 -42.86839957825289 -75.42631219772012 0.03863903199817287
0051 0.15626028180122375 -0.4608965516090393 2.2759835720062256 170.9498710041683 -41.81354692932487 -76.76752337093228 0.03370584399817744
0052 0.15375831723213196 -0.4627695381641388 2.2820963859558105 171.68726116151322 -41.57616463181049 -76.92229209556466 0.032867437999811955
0053 0.14995062351226807 -0.4592602550983429 2.2614710330963135 168.7458931272597 -41.677485791539716 -77.20694097724783 0.03340259800461354
0054 0.14669449627399445 -0.4592618942260742 2.259427070617676 174.5846094431865 -43.22681810909867 -79.68433575822259 0.034466546996554825
0055 0.14705000817775726 -0.4623298943042755 2.2686386108398438 172.73328185030445 -44.6832826449049 -81.1326514101332 0.036038322003150824
0056 0.14231790602207184 -0.4608710706233978 2.2621119022369385 175.2770781283612 -43.71211851262973 -82.63020485199107 0.03355318700050702
0057 0.14096899330615997 -0.46218279004096985 2.269902467727661 175.36430917802076 -41.69987518432581 -83.5738720176358 0.03579276299569756
0058 0.13926814496517181 -0.4654559791088104 2.2805233001708984 177.53352422867258 -41.81012340006073 -85.86496610451131 0.03269381500285817
0059 0.13637575507164001 -0.46545013785362244 2.277020215988159 178.91369204438973 -41.23034953156557 -86.74836371745657 0.03249995399528416
0060 0.13379347324371338 -0.4686889946460724 2.2879185676574707 179.88376053883772 -42.59765923734656 -87.93928097827674 0.03543210699717747
0061 0.13182806968688965 -0.46739456057548523 2.2805821895599365 -178.30619368601083 -42.69418275701877 -88.63587363139992 0.03141430499817943
0062 0.1299555003643036 -0.46868547797203064 2.2843570709228516 -179.2264431350713 -43.19200059223054 -89.87647674680487 0.03031363299669465
0063 0.12632232904434204 -0.467899888753891 2.2789950370788574 -179.26834785553189 -43.42736971876282 -90.18995102239641 0.033967975999985356
0064 0.1244984045624733 -0.4677724540233612 2.2769734859466553 -176.41854415150422 -46.384796167340006 -91.66623304649261 0.03319412199925864
0065 0.11927421391010284 -0.4599781334400177 2.244123697280884 -174.594033656896 -42.06190793639133 -93.7141603900855 0.04245255299611017
0066 0.11768864095211029 -0.4644499719142914 2.2612013816833496 -176.50323174192 -44.631121829143346 -93.83902459726288 0.03337395699782064
0067 0.1158437430858612 -0.4674683213233948 2.2689366340637207 -171.9901067035502 -40.32069366476534 -96.6895495449805 0.034095499002432916
0068 0.11532179266214371 -0.47105464339256287 2.292799234390259 -175.55303959048308 -40.741082677799724 -95.25132426381066 0.03404899800079875
0069 0.11194516718387604 -0.46973973512649536 2.282562017440796 -172.14615802182627 -39.068744092261966 -98.21410842127129 0.034950214001582935
0070 0.10849002003669739 -0.46731412410736084 2.2710561752319336 -172.3965145350634 -40.13579711310976 -98.19443177150788 0.03570123700046679
0071 0.10650480538606644 -0.4696093797683716 2.2822084426879883 -172.89436823170212 -42.436399592971696 -98.51251151639943 0.03316066600382328
0072 0.10194661468267441 -0.462676078081131 2.250683307647705 -171.45750865594144 -45.00033274803745 -99.9883478119205 0.034686970997427125
0073 0.09886110574007034 -0.4599151015281677 2.234649658203125 -169.1226752295568 -45.897271396741345 -102.18345273084837 0.03167550400394248
0074 0.09558942168951035 -0.4564327001571655 2.216236114501953 -166.20704501401275 -45.181916987044616 -104.57412494663784 0.03626752799755195
0075 0.09575702250003815 -0.466146320104599 2.2647812366485596 -168.956322844874 -43.94862221711645 -103.35021149309851 0.0335545740017551
0076 0.09278960525989532 -0.46746858954429626 2.270695209503174 -168.90049917234313 -43.58384947784593 -103.65978016849357 0.03143269800057169
0077 0.08967660367488861 -0.465828537940979 2.26237416267395 -169.21105492694377 -41.34384878005152 -104.30028760466179 0.03237316800368717
0078 0.08666794747114182 -0.45985913276672363 2.2336599826812744 -166.58240012572912 -41.46709998452879 -105.57834277285586 0.03758235599525506
0079 0.08498623967170715 -0.4628451466560364 2.250887393951416 -167.95093815295996 -39.771969383025166 -105.1441355113627 0.03224890999990748
0080 0.08177687972784042 -0.46115773916244507 2.2416181564331055 -166.1061315192552 -42.155416139528306 -106.95344155756732 0.04216615000041202
0081 0.079007089138031 -0.46619516611099243 2.2673587799072266 -166.85725115637482 -40.36521249141322 -107.5432290817007 0.030045029998291284
0082 0.07748488336801529 -0.4646652042865753 2.259418487548828 -164.70147312831412 -43.180829213407755 -109.66833213365221 0.03494185700401431
0083 0.07347580790519714 -0.45844560861587524 2.229111909866333 -162.83872268966294 -38.76908813675751 -111.23895890094848 0.033620669004449155
0084 0.07090792804956436 -0.458751380443573 2.230541467666626 -163.37254547390427 -44.968903843947984 -111.01792575107413 0.033400192005501594
0085 0.06955574452877045 -0.46727249026298523 2.273845911026001 -162.40521369497407 -39.60607855024356 -113.02064038530915 0.037452284996106755
0086 0.06777071207761765 -0.46664348244667053 2.2672290802001953 -160.11298236524087 -40.99179927004816 -114.28770086124153 0.03604875299788546
0087 0.06412030011415482 -0.4641353487968445 2.2555227279663086 -159.63989707815196 -38.340095233920415 -115.826574169153 0.031221407996781636
0088 0.062318816781044006 -0.46695247292518616 2.269867181777954 -159.4727512789057 -41.05375155984705 -115.96213848825236 0.034711763000814244
0089 0.059497084468603134 -0.4641380310058594 2.2584586143493652 -158.56635424051686 -38.198088236429655 -117.55442260253518 0.03426602699619252
0090 0.0577273927628994 -0.4681413769721985 2.2776412963867188 -161.3611420365774 -39.93293800288337 -115.87813737901014 0.0366274420011905
0091 0.05377970635890961 -0.4641471803188324 2.2587599754333496 -157.5572835751116 -38.38262970346351 -118.94895182104332 0.033957577994442545
0092 0.05275051295757294 -0.4704154431819916 2.2918992042541504 -161.10790621772844 -38.46188679822792 -117.78580883135618 0.034414870002365205
0093 0.05095313861966133 -0.47259965538978577 2.3027141094207764 -160.1617213056861 -39.49473648202205 -119.5403841109631 0.033175511001900304
0094 0.04781607538461685 -0.46637389063835144 2.276193857192993 -156.96370138563458 -41.05422019906539 -120.9469558205865 0.035429168994596694
0095 0.044371847063302994 -0.46480879187583923 2.2695040702819824 -156.84887683559637 -37.94183499639584 -123.21015267796666 0.03932709700166015
0096 0.04238928109407425 -0.4649341106414795 2.2724902629852295 -156.65083062731844 -36.33328531618185 -121.95161787986942 0.03535336800268851
0097 0.040059447288513184 -0.46737349033355713 2.2846531867980957 -157.78113069404165 -35.39961627375589 -122.13752369831774 0.037809378998645116
0098 0.03760185465216637 -0.46897393465042114 2.2969043254852295 -158.42004226733863 -36.231130025900434 -121.20436204752043 0.03499644000112312
0099 0.03562082350254059 -0.4712707996368408 2.3063127994537354 -157.48989772515424 -36.8606208294373 -122.82327990001976 0.03497545099526178
0100 0.03266320377588272 -0.467741996049881 2.29288649559021 -156.75541028557765 -36.413908405984664 -124.2138493421522 0.037465143999725115
0101 0.030075136572122574 -0.46690356731414795 2.291295051574707 -156.94929441197976 -33.73267670252112 -124.5045077749494 0.031072032994416077
0102 0.026515819132328033 -0.46114668250083923 2.2682836055755615 -155.83416060589352 -35.07218430581642 -125.98828957483529 0.031052467005793005
0103 0.024945290759205818 -0.46300745010375977 2.279146194458008 -154.73355802297547 -31.71907129971118 -126.51109278797335 0.03263138399779564
0104 0.02311946265399456 -0.4621155560016632 2.2771544456481934 -154.05253741435172 -35.31499272909063 -127.7359980171956 0.03352527699462371
0105 0.019601352512836456 -0.46356436610221863 2.2863612174987793 -154.09211802108422 -33.583488998977685 -128.67127188760958 0.03489555200212635
0106 0.01726134493947029 -0.46043142676353455 2.272329568862915 -153.14959300377257 -32.80028304745338 -129.24484127418324 0.038561531000596005
0107 0.015070836991071701 -0.4587561786174774 2.267817258834839 -151.67339021843438 -33.215660098239326 -131.33496000343064 0.032803398004034534
0108 0.012806699611246586 -0.4564700126647949 2.260944366455078 -151.48160971961175 -30.529251863268403 -130.9417417970844 0.033372361001966055
0109 0.010038754902780056 -0.455564945936203 2.262735366821289 -151.25849379459848 -29.514402538757615 -130.92508741265857 0.03856050300237257
0110 0.007365420926362276 -0.45453861355781555 2.262561559677124 -150.77870009508317 -29.491943748666348 -131.72293593748023 0.03911655699630501
0111 0.005508249159902334 -0.4503920078277588 2.2441763877868652 -148.16790100145644 -28.58049233324001 -133.8763217505004 0.03659558700019261
0112 0.002671303693205118 -0.450090229511261 2.241767406463623 -149.0644638939136 -29.35835609830919 -135.29805370525887 0.029143503001250792
0113 0.0005601637531071901 -0.4518534541130066 2.252542495727539 -149.4910791306718 -29.593830452554748 -135.39654763092452 0.0386111410043668
0114 -0.0016979542560875416 -0.4529145658016205 2.2604141235351562 -149.4921412390706 -30.474131258322704 -136.59191096204464 0.035286552003526594
0115 -0.004053985234349966 -0.4499892592430115 2.2474377155303955 -147.24521655306248 -32.06387456906341 -138.72530369186728 0.03686603900132468
0116 -0.006582893896847963 -0.4526350796222687 2.2649874687194824 -148.53880341278105 -32.59402354151767 -139.09380709280902 0.037906222001765855
0117 -0.008218473754823208 -0.4496065676212311 2.254239320755005 -146.23344965721432 -30.941662456080522 -140.70679957917378 0.03441974500310607
0118 -0.010682781226933002 -0.44691917300224304 2.2434515953063965 -147.1689201173118 -33.87437734473603 -141.91878420821322 0.03339852199860616
0119 -0.013117166236042976 -0.4420910179615021 2.2243142127990723 -145.5684186331297 -30.051947727626832 -142.7101087295475 0.03371896300086519
0120 -0.015252235345542431 -0.4444320797920227 2.2370357513427734 -145.48568428539477 -30.062947202765137 -143.9970114845378 0.03363588600041112
0121 -0.01688280701637268 -0.44494879245758057 2.243807077407837 -144.2158880452698 -30.13325958974773 -145.10389848796794 0.03483743200195022
0122 -0.019059572368860245 -0.4412592947483063 2.2286436557769775 -144.19752305134168 -30.11030392417362 -145.52363529806038 0.035203421000915114
0123 -0.02216418832540512 -0.44250792264938354 2.240111827850342 -145.66434969439754 -27.52214588538272 -144.8893511040135 0.0332471140063717
0124 -0.023849189281463623 -0.4434041380882263 2.252824306488037 -144.29734759045442 -26.713174428832243 -144.15736949725468 0.03667233199666953
0125 -0.025916093960404396 -0.44132623076438904 2.245699405670166 -144.02877746320746 -29.54152307654756 -147.04481052018963 0.03696586399746593
0126 -0.029175588861107826 -0.4463914632797241 2.275291919708252 -146.13930149305025 -25.112153816434596 -145.2418401981685 0.033176375000039116
0127 -0.029778165742754936 -0.43710875511169434 2.2331690788269043 -142.5790140225044 -29.197724168891263 -148.48093766559904 0.03564430600090418
0128 -0.031139662489295006 -0.4282473921775818 2.1921184062957764 -142.9232403662559 -25.923057849079324 -148.7637122726231 0.037119601998711005
0129 -0.03347622975707054 -0.4305698275566101 2.2092478275299072 -142.7888311870114 -26.268108083025552 -149.24104907151107 0.0345397650016821
0130 -0.036228250712156296 -0.4348972737789154 2.2384023666381836 -144.22561684196373 -25.085700924806993 -149.49700712188204 0.03748266799811972
0131 -0.03782651945948601 -0.4329465627670288 2.233015775680542 -143.0976197117941 -25.613542582092744 -150.25377943779316 0.034497298001952004
0132 -0.039868488907814026 -0.43534767627716064 2.2467076778411865 -145.62083891555628 -23.720994292528854 -150.0221576508367 0.0365782179942471
0133 -0.0414494089782238 -0.42824992537498474 2.218111038208008 -141.04686238946786 -26.131393228775092 -151.87879152136162 0.03678904299886199
0134 -0.04338616132736206 -0.42935189604759216 2.229780435562134 -145.19315681077825 -23.437885355311785 -151.49064731184106 0.034301594001590274
0135 -0.04540560767054558 -0.4286300539970398 2.229841470718384 -139.46318590751292 -24.055024509187813 -153.4426056575615 0.03589913999894634
0136 -0.04735562205314636 -0.42657649517059326 2.2234365940093994 -143.39038920100336 -25.84277631551649 -153.91305137794518 0.033181719001731835
0137 -0.04865903779864311 -0.4213687479496002 2.2053415775299072 -138.7667336790354 -24.227176559569955 -155.00352959524315 0.034531600002082996
0138 -0.050426386296749115 -0.42545369267463684 2.230649948120117 -144.21045931239826 -22.793513104528085 -153.96110307104468 0.03625901600025827
0139 -0.05169127881526947 -0.4210042953491211 2.2111289501190186 -138.11343761615544 -22.030337676506708 -155.8226427742752 0.032987560000037774
0140 -0.05471331626176834 -0.42346182465553284 2.2310101985931396 -142.84804247892737 -24.09659532617867 -156.2056829219123 0.03870489700057078
0141 -0.05528004840016365 -0.41979700326919556 2.220212459564209 -139.08875894327167 -18.971905597922994 -155.2326576218078 0.034264945999893826
0142 -0.0569378063082695 -0.41758227348327637 2.21195387840271 -142.26787694015206 -26.459822291979922 -158.5468066303306 0.03581562000181293
0143 -0.05821992829442024 -0.4181728959083557 2.2190396785736084 -138.13209362469104 -15.554430891003868 -157.04330325144974 0.03728465400490677
0144 -0.06138826906681061 -0.42040297389030457 2.241983652114868 -142.02212092855206 -20.251413997911506 -157.96659348440215 0.03515301799779991
0145 -0.06180465966463089 -0.41745689511299133 2.231126070022583 -138.70637747360945 -18.57817006753507 -158.91076556570948 0.03624146200309042
0146 -0.06331388652324677 -0.41298526525497437 2.2139627933502197 -140.29470573896057 -18.9251333736359 -158.7100174756363 0.03586332400300307
0147 -0.06577228009700775 -0.413727343082428 2.224853277206421 -140.22154637216553 -18.585002448033034 -159.3551996913079 0.03031291299703298
0148 -0.06692405045032501 -0.41150152683258057 2.220088481903076 -140.319920909365 -19.107219697272548 -160.38327940748778 0.03553878299862845
0149 -0.068085215985775 -0.4084251821041107 2.209632158279419 -138.75259902590264 -16.20253248636815 -160.28250860540652 0.03256606200011447
0150 -0.06954008340835571 -0.4066970646381378 2.2098381519317627 -138.89768900865604 -19.539426205839305 -162.00062053633548 0.032723451004130766
0151 -0.07039697468280792 -0.4004199504852295 2.1817402839660645 -138.30484146931747 -15.535259207250423 -161.5495620355804 0.030730231999768876
0152 -0.07144100219011307 -0.39859792590141296 2.180824041366577 -138.5166430559413 -17.127503800321644 -163.31917488811953 0.03550718900078209
0153 -0.0733000785112381 -0.397006094455719 2.180022954940796 -139.21092300854195 -14.601456328150869 -162.99384345606825 0.0415547480006353
0154 -0.07439109683036804 -0.3921864628791809 2.160186767578125 -136.95190287084023 -14.75450840725171 -163.57116765284945 0.03563625400420278
0155 -0.07662498205900192 -0.39638227224349976 2.191432476043701 -141.64669732755553 -13.391884542836298 -163.58306990686864 0.0358522910028114
0156 -0.07777489721775055 -0.39593446254730225 2.1874642372131348 -134.62685677208904 -12.225114054117375 -164.57202096875156 0.033698926999932155
0157 -0.08068762719631195 -0.4000367522239685 2.2238621711730957 -144.48523406075918 -12.776447677312499 -164.17752891370458 0.03134835100354394
0158 -0.08045700192451477 -0.39205390214920044 2.1875834465026855 -133.24603433916224 -10.361838258033446 -164.27050183952022 0.03408576999936486
0159 -0.08256269991397858 -0.39316293597221375 2.200178623199463 -144.04891022143917 -12.559820758216413 -165.6918183077185 0.029184964005253278
0160 -0.08185052126646042 -0.386028915643692 2.1665732860565186 -131.8387167554542 -10.276482481806328 -166.18975552530932 0.03488359900075011
0161 -0.08539224416017532 -0.3919767141342163 2.2089145183563232 -145.04911757074973 -6.885614389371111 -165.22427140174278 0.03403406600409653
0162 -0.08513150364160538 -0.3853307068347931 2.1811163425445557 -133.18926367157803 -5.249322613602938 -163.3057631818333 0.03167920599662466
0163 -0.08810653537511826 -0.3899781405925751 2.219650983810425 -146.13335741428986 -7.413172184790384 -165.20966964748806 0.029037627995421644
0164 -0.0859842374920845 -0.37534013390541077 2.138800621032715 -131.7852930263522 -6.7113700115175305 -166.6187244594184 0.03687555599753978
0165 -0.08906417340040207 -0.3811182677745819 2.1832430362701416 -142.119837314018 -12.174993886826815 -169.76881104320913 0.03282176299398998
0166 -0.08687520027160645 -0.3705458343029022 2.1279489994049072 -129.33229219325096 -7.011630911891682 -169.21034812213352 0.03571389400167391
0167 -0.09192287176847458 -0.3804153800010681 2.1969118118286133 -146.4807880057508 -1.9802148194318163 -168.97029206485598 0.033115329999418464
0168 -0.0913015678524971 -0.3742690086364746 2.1678807735443115 -132.18572959073165 -3.0216794713848127 -168.79789571878854 0.032597486999293324
0169 -0.09565696120262146 -0.3842724561691284 2.2317020893096924 -144.312249839837 -5.678167459180854 -170.32904167451215 0.03469505700195441
0170 -0.09438395500183105 -0.37574392557144165 2.1862680912017822 -132.75318050565346 -4.514232119272341 -171.47193922615486 0.04151889499917161
0171 -0.09637774527072906 -0.3772144615650177 2.206576108932495 -144.8193457659887 -1.144534706762648 -171.0632424484588 0.038666113003273495
0172 -0.09593256562948227 -0.37086689472198486 2.1766459941864014 -133.20773271771426 -2.6538730648293676 -172.23072204824717 0.033480840000265744
0173 -0.09792263060808182 -0.3749931752681732 2.209684371948242 -142.16433332202195 -5.313294776162204 -173.60289392163006 0.03408289399521891
0174 -0.09672116488218307 -0.365606427192688 2.163252830505371 -131.61239179882514 -2.6383350323882566 -174.14960067477236 0.0392175680026412
0175 -0.09920668601989746 -0.3691466152667999 2.193861961364746 -144.60162040933 -0.9351702398000872 -173.96305101419472 0.038452404995041434
0176 -0.09817131608724594 -0.36135807633399963 2.1581616401672363 -131.8496168655408 -0.9770527944113164 -173.34137067026117 0.03107164899847703
0177 -0.10035871714353561 -0.3662390112876892 2.1925036907196045 -141.3678306373334 -1.1526579088420406 -175.2082562710375 0.035288313003547955
0178 -0.09940385073423386 -0.3581624925136566 2.1561336517333984 -132.11994516178092 -3.3963790069659896 -176.28203381538665 0.036606178000511136
0179 -0.10190130770206451 -0.36183634400367737 2.187929391860962 -141.71553054153483 1.9455958898101486 -176.20020581335817 0.032104301993967965
0180 -0.1008269339799881 -0.3558732867240906 2.157806396484375 -131.8635509738931 -1.27238117526739 -176.6799573117124 0.034945409002830274
0181 -0.10270209610462189 -0.3600514233112335 2.1943867206573486 -141.84702042838802 1.605253336463082 -178.0528201144907 0.03358252000180073
0182 -0.10268935561180115 -0.35442203283309937 2.1696813106536865 -132.389703579947 1.783417136744285 -177.88787818647543 0.035976027997094207
0183 -0.10449233651161194 -0.3570733368396759 2.1997387409210205 -143.1205632669132 4.852967162641536 -177.58055396456913 0.03367460099980235
0184 -0.10246182978153229 -0.3480982780456543 2.1503348350524902 -131.1612823045126 2.6446251549769295 -179.55205547716932 0.03519603900349466
0185 -0.10408219695091248 -0.3477097153663635 2.162435293197632 -141.81437409343076 5.3251424096445685 -178.64328427570138 0.034388719002890866
0186 -0.10256025940179825 -0.3406005799770355 2.1226515769958496 -131.47655293356684 0.5560625446785816 177.7873912774618 0.03402561999973841
0187 -0.10365214198827744 -0.3409005403518677 2.133373260498047 -140.43733186208806 6.88961727495863 -179.9289810391929 0.03464735500165261
0188 -0.10374252498149872 -0.3384600281715393 2.1250360012054443 -132.95074119869372 1.2592032235866366 176.45188796733618 0.03325955400214298
0189 -0.10542473942041397 -0.33772122859954834 2.131901979446411 -141.40387425449399 6.6002518520072915 177.79664214917233 0.03340603900142014
0190 -0.10359501093626022 -0.33296555280685425 2.11651349067688 -132.97969085089315 0.042469264701359144 173.86220877221507 0.03929814499861095
0191 -0.10411956161260605 -0.33080345392227173 2.1059465408325195 -139.43586297355324 7.64822732335298 176.76874982166638 0.03372254299756605
0192 -0.10456100851297379 -0.3337016701698303 2.1364152431488037 -135.39217654486785 -1.313540820356725 172.31061403271477 0.03210524899623124
0193 -0.1051824688911438 -0.3308448791503906 2.126915216445923 -138.52552160558625 4.671188655499574 173.00589160026377 0.03529574300046079
0194 -0.10581569373607635 -0.3320976197719574 2.1461782455444336 -136.48973083220295 2.272249142809589 172.3606072811619 0.030743233000976034
0195 -0.10574711114168167 -0.3271317481994629 2.1262996196746826 -138.04220804096974 5.486579692887781 172.95962144163184 0.03343393199611455
0196 -0.10598181188106537 -0.3259332478046417 2.1303153038024902 -136.81499701394523 2.3158900024297946 170.9999835763408 0.0374483039995539
0197 -0.10573647171258926 -0.3221031427383423 2.112473487854004 -139.1547309418242 6.646343804761968 170.83708081750424 0.03455492599459831
0198 -0.10543414950370789 -0.32209163904190063 2.126967668533325 -136.71986361422108 4.174417028214142 169.32319423387042 0.03436553699430078
0199 -0.10510395467281342 -0.31846022605895996 2.1117706298828125 -139.22013250360843 6.221904784847536 168.60568866789458 0.03324148100364255
0200 -0.10632586479187012 -0.31986305117607117 2.136258125305176 -138.72226090268492 6.288464200620584 168.72514991914463 0.040557174004788976
0201 -0.10709979385137558 -0.3187718093395233 2.139228582382202 -140.57919539638598 9.09511832225571 169.00445190606703 0.032176152999454644
0202 -0.10559888184070587 -0.3145007789134979 2.123265504837036 -136.26958330842623 5.636723901847632 167.7391258704377 0.0337657499985653
0203 -0.10626231878995895 -0.3129381537437439 2.1229898929595947 -141.42630150025332 10.468293339826268 168.35878583518303 0.0374523450009292
0204 -0.10534489154815674 -0.3116554617881775 2.124072790145874 -135.8895528442495 4.571774735332754 165.30239960980234 0.03390295899589546
0205 -0.10573581606149673 -0.3106492757797241 2.1259710788726807 -141.4475288682432 9.516143116662233 165.32679268693403 0.03877796499727992
0206 -0.10487369447946548 -0.3086780607700348 2.12530255317688 -137.73423235645402 7.921914637903785 165.20835284115307 0.03144256000086898
0207 -0.10545314103364944 -0.30766913294792175 2.1323130130767822 -140.74261202317868 10.410684134551117 165.24309831686858 0.03219659200112801
0208 -0.10514216870069504 -0.30662816762924194 2.133791446685791 -139.60206004808597 10.190606479630777 164.14991727981896 0.034639681995031424
0209 -0.10425484925508499 -0.30147838592529297 2.112194061279297 -140.08506466983403 11.426797103966623 163.70102361230485 0.032175432999792974
0210 -0.10443425923585892 -0.3005654215812683 2.1189091205596924 -140.31315935482212 12.158506949809546 163.59821859908308 0.031331826001405716
0211 -0.10629124194383621 -0.3030353784561157 2.1484858989715576 -141.18162939972146 12.652821213540838 162.64660301074218 0.03639933399972506
0212 -0.10623357445001602 -0.3035133183002472 2.1612741947174072 -140.77229249207147 12.262556100035736 162.18365578291372 0.03276621799886925
0213 -0.10520923882722855 -0.30034807324409485 2.150632619857788 -141.68936984186058 14.268330546842273 161.27096018571442 0.035100300003250595
0214 -0.1046893298625946 -0.2983086109161377 2.152299642562866 -142.24816119688262 14.575386004710557 161.48540727249008 0.03563982700143242
0215 -0.10298721492290497 -0.2957804203033447 2.1432299613952637 -141.5365594010817 12.812594225246608 159.83555198455807 0.034954578994074836
0216 -0.102718785405159 -0.294175922870636 2.1444056034088135 -142.07792411964 13.549292196470326 159.9003687348239 0.03239279799890937
0217 -0.10234346985816956 -0.29291653633117676 2.1464712619781494 -141.87710551847854 13.974377374956463 158.65188998916994 0.036964058002922684
0218 -0.10264700651168823 -0.2912376821041107 2.147141456604004 -142.98533626295702 17.71930130589103 160.13199973860767 0.03559103899897309
0219 -0.10240323841571808 -0.2920973002910614 2.1625475883483887 -142.11333648121908 16.070343584027018 158.4353621445466 0.0322621919985977
0220 -0.10175192356109619 -0.2898116111755371 2.158507823944092 -143.83977248017723 19.73245156481259 159.14996932708377 0.039058920003299136
0221 -0.10006430745124817 -0.2859063148498535 2.144972562789917 -141.87499341888233 17.60350211818275 158.0515101281239 0.033607737997954246
0222 -0.09976748377084732 -0.285068154335022 2.1506524085998535 -144.44255153374837 18.608802736072473 157.2318036990422 0.029075316997477785
0223 -0.09846694767475128 -0.2827511727809906 2.1461925506591797 -142.2063211959614 19.060408663936812 156.93579850082435 0.033568292994459625
0224 -0.09656263142824173 -0.2789093852043152 2.131747007369995 -142.46827218334502 19.86125806235585 157.16273324320662 0.03589158000249881
0225 -0.09613527357578278 -0.27755647897720337 2.1362087726593018 -143.0414322222019 17.652522812434988 155.1167534050121 0.031242011005815584
0226 -0.09554483741521835 -0.27596190571784973 2.1313939094543457 -144.89913378378105 19.55610808747157 154.2648311386484 0.033472179995442275
0227 -0.0950416624546051 -0.2744826674461365 2.13615083694458 -143.29681192063873 21.065216905957495 154.89643202100186 0.034115918999304995
0228 -0.09404768794775009 -0.2733358144760132 2.139007329940796 -144.17926974616068 19.24709757945172 152.94167304526724 0.03610946900153067
0229 -0.09230384975671768 -0.27051669359207153 2.1269161701202393 -145.58524354308832 20.59275621317543 152.16243289622707 0.033057566004572436
0230 -0.09076781570911407 -0.2691008150577545 2.1244757175445557 -144.04683253666985 19.363448176390236 151.60523302669068 0.04274901699682232
0231 -0.0892878919839859 -0.2654396593570709 2.1107752323150635 -145.82899950939654 21.43303596557159 151.07811701856423 0.030521048000082374
0232 -0.08800562471151352 -0.2636614739894867 2.109697103500366 -145.63753183830627 22.4374580175494 150.56389269894265 0.030649320004158653
0233 -0.08687275648117065 -0.2616114318370819 2.107154607772827 -144.3741686359082 22.40503492269498 150.43669957966898 0.033191081005497836
0234 -0.08624512702226639 -0.2618647813796997 2.116952896118164 -146.18234759116368 23.079424746721212 149.7137966169861 0.03280779100168729
0235 -0.0844784826040268 -0.25811266899108887 2.100738763809204 -144.2660017257232 22.296167435377196 149.11183986097566 0.03455991499504307
0236 -0.08344560861587524 -0.2579830288887024 2.1061415672302246 -147.2123649169252 22.53162742324847 148.02521201999005 0.03253250099805882
0237 -0.08138251304626465 -0.254261314868927 2.090231418609619 -144.38014321192657 23.89186336420053 148.0395258436239 0.032366545994591434
0238 -0.08052180707454681 -0.25305137038230896 2.0975096225738525 -146.6453119378158 26.009098215455143 147.7057498357888 0.035568104998674244
0239 -0.07875525206327438 -0.25082284212112427 2.0904717445373535 -144.5140660741825 25.987215754088734 147.46703035600748 0.030231775002903305
0240 -0.07768141478300095 -0.24797852337360382 2.081761360168457 -147.56391852605407 28.356163878356625 146.79226456662545 0.03273882599751232
0241 -0.07700125128030777 -0.24868148565292358 2.0972931385040283 -145.4161941831786 26.24794790465396 145.3518616976623 0.03630461400462082
0242 -0.07510355114936829 -0.24534355103969574 2.0869131088256836 -148.50937259827973 28.27401326868438 145.05475325581224 0.034550693999335635
0243 -0.07386297732591629 -0.24370823800563812 2.0826690196990967 -147.3705545847472 26.796604698766355 143.04485854114495 0.03599270000268007
0244 -0.07206833362579346 -0.2421031892299652 2.079793930053711 -148.40225345992195 25.59602167204405 142.56923050382403 0.034614415002579335
0245 -0.0696926862001419 -0.23885443806648254 2.0687031745910645 -148.81225122008473 25.97811748426305 141.8080938513584 0.04218020199914463
0246 -0.06922941654920578 -0.2399558424949646 2.0879693031311035 -149.13696277305286 28.597933319818566 141.47596842716106 0.032848142996954266
0247 -0.06691134721040726 -0.23526526987552643 2.0608909130096436 -148.7721804092309 29.095542598773353 141.54291339311732 0.03240389399434207
0248 -0.06496177613735199 -0.23329530656337738 2.0557658672332764 -148.98964096154512 26.397941233369302 140.4111947226019 0.0333165949996328
0249 -0.06304273754358292 -0.2306918203830719 2.0508546829223633 -148.5392383940055 27.871659054295538 140.73830241507085 0.033520316996145993
0250 -0.06251906603574753 -0.2309691309928894 2.0644354820251465 -149.71954572455965 27.885364388560916 138.88268621936336 0.04026884899940342
0251 -0.061408527195453644 -0.23036682605743408 2.0657553672790527 -151.63453099617308 30.52808753748427 138.064246652196 0.036112442998273764
0252 -0.06068219989538193 -0.23164908587932587 2.084987163543701 -151.65046275414738 27.225901891518074 136.31488617788108 0.031178108001768123
0253 -0.057141851633787155 -0.22496412694454193 2.040688991546631 -152.36951136209103 33.45134717115571 136.2783030857532 0.032381539000198245
0254 -0.05743834376335144 -0.22844989597797394 2.0805678367614746 -154.288624784455 31.524366797079924 135.00753841546918 0.031880328999250196
0255 -0.055000387132167816 -0.2259412407875061 2.0716328620910645 -153.31712223762267 30.40484238183519 134.03228167199669 0.03185323000070639
0256 -0.05188870057463646 -0.22186562418937683 2.051227569580078 -154.72030894413254 34.342053931297066 133.85053038534127 0.03628429899981711
0257 -0.04966965317726135 -0.21965600550174713 2.040422201156616 -152.02527653592372 30.56675805750103 133.6726341255884 0.03454650200001197
0258 -0.048349689692258835 -0.21824291348457336 2.036571741104126 -154.70692323319923 35.77640704246695 132.77977781713435 0.03501643699564738
0259 -0.047833506017923355 -0.21967457234859467 2.0648324489593506 -154.98338260959224 33.06325126265805 131.40918318188488 0.03351161900354782
0260 -0.04612167924642563 -0.21874643862247467 2.0685582160949707 -156.3081529133076 35.19897275609621 130.94673636841597 0.03773035899939714
0261 -0.04502156376838684 -0.21668103337287903 2.0599894523620605 -154.63179733795076 36.68933292318073 130.9024573152185 0.03343291799683357
0262 -0.042391713708639145 -0.2138814777135849 2.045666456222534 -154.4391441828077 35.68632685297856 130.1615082718659 0.03330394200020237
0263 -0.039829883724451065 -0.2113655060529709 2.035794496536255 -153.98116791252022 35.723118364281326 129.60244944430502 0.03052874300192343
0264 -0.036394670605659485 -0.2085859328508377 2.0190963745117188 -153.65602427445904 36.24913493922937 128.83409213497166 0.033993696997640654
0265 -0.03403446450829506 -0.20643270015716553 2.008883237838745 -154.70485115081541 35.782489390921135 127.95724293285083 0.03887026300071739
0266 -0.03215494006872177 -0.20396213233470917 1.995598554611206 -155.23739661196964 36.34586146174138 127.15270757705852 0.03755140800058143
0267 -0.030207661911845207 -0.20444513857364655 2.013669013977051 -155.8367400526843 35.391973725526746 125.98116967372825 0.03330636999453418
0268 -0.029394403100013733 -0.20515309274196625 2.029116630554199 -157.96297303589367 36.057049854006515 124.09832187817157 0.034226146002765745
0269 -0.02807292528450489 -0.20533961057662964 2.045504570007324 -159.22917285031642 37.01665393825303 123.36636029439897 0.03567905100499047
0270 -0.026164216920733452 -0.20439359545707703 2.047807216644287 -158.57086825181543 36.506899635336566 123.23854649502063 0.031537557995761745
0271 -0.023756209760904312 -0.2025052160024643 2.0368666648864746 -159.4806442713851 38.196599672714854 122.26586588599031 0.0363355320005212
0272 -0.02102990448474884 -0.20051276683807373 2.0277647972106934 -159.9168468280303 38.572181064705326 121.49415402993695 0.03586712300602812
0273 -0.018612831830978394 -0.1994447112083435 2.0302369594573975 -159.74253018932404 39.39455792612898 120.69099315507523 0.034382628997263964
0274 -0.016286611557006836 -0.19745182991027832 2.017489194869995 -160.6400204750661 39.78298930719531 119.85161270957072 0.03329315299924929
0275 -0.014178928919136524 -0.19469642639160156 2.002380132675171 -159.21184698763332 40.184208116272856 119.61163251328288 0.03893821999372449
0276 -0.011668420396745205 -0.19454248249530792 2.002936601638794 -158.73999110407777 39.434947457238614 118.82335059646975 0.03494737700384576
0277 -0.00975441187620163 -0.1945382058620453 2.0197362899780273 -160.1510378003755 40.54964460963466 118.07965839757605 0.0336294029984856
0278 -0.008348681963980198 -0.19523051381111145 2.027130126953125 -162.91559602451613 40.209794547844766 116.58028023433889 0.03401638599461876
0279 -0.0057457610964775085 -0.19416308403015137 2.0310823917388916 -161.3315241484767 39.91743649532894 116.01217264445211 0.03481033899879549
0280 -0.0035095049533993006 -0.19438403844833374 2.0430550575256348 -164.46283449933446 40.83611476714858 114.27991448659665 0.04314341000281274
0281 -0.001446003676392138 -0.19465556740760803 2.0561091899871826 -164.05201521553593 39.686874580114136 113.28836816383766 0.03116341600252781
0282 0.000981818651780486 -0.19260703027248383 2.0435245037078857 -164.87409317163886 40.99121326386027 112.32053769214609 0.034352898997894954
0283 0.00363240041770041 -0.19020025432109833 2.0261189937591553 -164.00308833789887 40.8710317250099 111.99770465288032 0.0361433180005406
0284 0.005969011690467596 -0.18922698497772217 2.0257256031036377 -164.44330477241073 42.05827522240261 111.528556806542 0.029815793997840956
0285 0.008281368762254715 -0.1881001591682434 2.02609920501709 -163.5818351503081 42.01484503610209 111.39398751300342 0.034637402997759636
0286 0.009539141319692135 -0.19011290371418 2.0531744956970215 -167.81898622599866 42.20510658777882 107.95443231710054 0.03766705800080672
0287 0.01246178150177002 -0.18780243396759033 2.0350799560546875 -167.01591897769808 41.915604941872374 108.2534803544134 0.03542890200333204
0288 0.015596861951053143 -0.18937720358371735 2.0599629878997803 -167.26142039924704 40.56314161004652 107.63522626310116 0.0349476629999117
0289 0.016903795301914215 -0.19035731256008148 2.0736160278320312 -169.31197545385118 39.33263398147521 104.91425030771097 0.033470725000370294
0290 0.019307777285575867 -0.18936751782894135 2.0658984184265137 -171.93755618694357 40.27114480968564 103.15611793590767 0.03817640299530467
0291 0.02186649665236473 -0.1862066388130188 2.042806386947632 -171.02116197108873 42.1129550572466 103.30898075651696 0.03373373099748278
0292 0.024724863469600677 -0.18517258763313293 2.0425832271575928 -169.82047124543334 41.598812264131574 103.46664690307175 0.031010814993351232
0293 0.027582312002778053 -0.18576568365097046 2.0531134605407715 -171.47760421668002 39.67341998497614 101.70681792340838 0.03546402099891566
0294 0.02960989996790886 -0.1844918131828308 2.049083709716797 -171.59127982082467 40.50448708306036 100.50010727309248 0.03706715899897972
0295 0.03267906978726387 -0.1825467199087143 2.0342178344726562 -172.51337892531754 41.41909437818707 100.73369993294044 0.03760062799847219
0296 0.03488308563828468 -0.18158495426177979 2.028769016265869 -170.7372576108546 41.96990041506081 100.43212985592302 0.03505682399554644
0297 0.03773154690861702 -0.1820821911096573 2.0365242958068848 -170.81457815552739 41.619790537089735 100.36067684207138 0.03078036200167844
0298 0.04117066040635109 -0.1820296198129654 2.045844793319702 -169.55786223359405 42.13828426967799 100.66065837869859 0.03648817999783205
0299 0.04329514876008034 -0.18131311237812042 2.0405044555664062 -169.95598365179393 42.73647724044756 99.83264412146498 0.029907912001363002
0300 0.04564191773533821 -0.1795886754989624 2.027132034301758 -174.2237983156691 44.67580239955153 96.92323437479699 0.03352487800293602
0301 0.048318423330783844 -0.1775030493736267 2.011873245239258 -172.77193200970478 44.166848171705574 97.008279324692 0.03420255899982294
0302 0.05101156234741211 -0.1770298033952713 2.0122880935668945 -172.40910708517524 43.58108901528977 96.25163430103757 0.036440331998164766
0303 0.05339125543832779 -0.1767139881849289 2.016737222671509 -176.6107933109781 43.42052360729215 93.28212232555128 0.03511435400287155
0304 0.05541670694947243 -0.17500746250152588 1.995915412902832 -177.24841976906453 44.33259636059147 92.1435056901902 0.03309037000144599
0305 0.058215491473674774 -0.17447537183761597 1.997182846069336 -179.04236607023552 44.8376100717609 90.67421934253835 0.04118486399966059
0306 0.0607822947204113 -0.17282386124134064 1.9855941534042358 -176.8972925688295 46.07723010766991 90.9032167624588 0.03728063999733422
0307 0.06372883915901184 -0.1739039272069931 1.9974007606506348 -178.85510411954706 44.23169914457704 89.44793526621505 0.035970921999251004
0308 0.06622082740068436 -0.17413830757141113 2.010435104370117 -179.11323687916965 46.47081840054723 88.45566321471247 0.03253548999782652
0309 0.0690443366765976 -0.1739068180322647 2.0109453201293945 -176.741166583674 45.06706169311979 89.38019519113658 0.0321705589958583
0310 0.07014172524213791 -0.17243680357933044 1.987123966217041 175.1698894016564 46.1049123982257 84.12626046271667 0.03717323799355654
0311 0.07324418425559998 -0.17308330535888672 2.0021400451660156 -178.12091780435085 43.44302110482611 87.54085206183842 0.035957961998065
0312 0.07698380947113037 -0.1728704422712326 2.0020389556884766 177.3309896247857 46.60022307703088 84.58965157717778 0.033388477997505106
0313 0.0783066600561142 -0.17195498943328857 1.9937522411346436 179.00903929063406 43.0146435754349 84.48081451252955 0.03302294999593869
0314 0.0807238295674324 -0.1723618358373642 1.996730089187622 172.27992689131534 43.399859373457986 80.1642989533946 0.035872685999493115
0315 0.08446742594242096 -0.17400510609149933 2.0183181762695312 176.89653998026375 42.11670363550697 82.2920897408857 0.033053904997359496
0316 0.08780483901500702 -0.17511752247810364 2.0284223556518555 172.40828986582548 40.7144989041601 79.19232584753408 0.033944262002478354
0317 0.08900818973779678 -0.17386895418167114 2.0237882137298584 176.01577526745646 44.65031510143719 80.01777952002003 0.037470429997483734
0318 0.09315396845340729 -0.1749575436115265 2.029195547103882 174.32607633612625 41.786645864290314 78.93654145362582 0.034573804994579405
0319 0.09711791574954987 -0.1755875200033188 2.0459303855895996 173.470697669121 42.00972780186418 78.33653954215742 0.033496577001642436
0320 0.0987694263458252 -0.1753803789615631 2.0390732288360596 171.84123630809495 41.02785478040181 76.54833977342712 0.037217094002699014
0321 0.0996556207537651 -0.17388424277305603 2.020543336868286 170.99809733175067 41.20849598536872 75.29819041146875 0.03549256400583545
0322 0.10379713028669357 -0.17426884174346924 2.022977828979492 171.10437605296804 41.73995776851929 74.63973554965287 0.0330980479993741
0323 0.10421508550643921 -0.17280161380767822 2.006193161010742 168.1945257267462 41.988353696032625 72.749485786281 0.03420366600039415
0324 0.1060628890991211 -0.17370332777500153 2.0094449520111084 166.78408768161412 39.053347351039015 70.57597385318476 0.03438599500077544
0325 0.11075615882873535 -0.1750647872686386 2.028262138366699 167.61473800805777 40.152640366019256 70.17798640988343 0.036442840995732695
0326 0.11250532418489456 -0.1745171993970871 2.0220046043395996 165.02939192269963 39.24601899302969 69.44348923512311 0.033979683998040855
0327 0.11494433879852295 -0.17460393905639648 2.019418239593506 165.45392190740466 34.10073264924065 69.08415031502804 0.03590037200046936
0328 0.11516740173101425 -0.17288562655448914 1.996496558189392 161.66980637301285 41.606946581840546 64.96209475156884 0.03334789899963653
0329 0.12183073908090591 -0.177139550447464 2.0391080379486084 166.85718366344497 36.50747549725569 68.54767763838665 0.03145183900051052
0330 0.12451916188001633 -0.17707979679107666 2.040210723876953 165.62218411038452 41.96014582053531 66.69972756407357 0.03244424700096715
0331 0.1254657804965973 -0.17644250392913818 2.029597282409668 164.86305688157373 39.274189913422575 65.98765224170947 0.033358877000864595
0332 0.12739750742912292 -0.17638248205184937 2.0209946632385254 162.2962415811293 37.028996473813 64.18786984200105 0.030719582995516248
0333 0.13085493445396423 -0.1761815845966339 2.02131986618042 163.65907797350962 37.72776066574251 63.7218186720096 0.03288539600180229
0334 0.13316287100315094 -0.17674866318702698 2.023737668991089 161.79558461474406 38.77917834198782 62.4764036963934 0.033413700002711266
0335 0.13443143665790558 -0.17595313489437103 2.014439105987549 161.54249818140693 37.99712180586646 61.73114352021752 0.03604458000336308
0336 0.1363157331943512 -0.17510618269443512 2.004117488861084 158.7645940013569 38.80623069411806 58.689079635636965 0.036348118002933916
0337 0.13907301425933838 -0.17515380680561066 2.000605344772339 158.17067311374825 37.733744840816385 58.81466836403829 0.0320128189996467
0338 0.1409931778907776 -0.17590346932411194 2.002450466156006 159.45985480900765 36.96916439663231 59.00801668248138 0.03085581000050297
0339 0.14417526125907898 -0.17764517664909363 2.011408805847168 158.03416617329364 36.68277846225892 58.12656443664965 0.034439440998539794
0340 0.1493968814611435 -0.17916974425315857 2.0280537605285645 160.3921054669331 36.09618710248427 58.61319431355098 0.03755000100500183
0341 0.1531716287136078 -0.18267081677913666 2.052069902420044 161.13830172890735 34.54838071614497 58.60086581597787 0.03428003600129159
0342 0.15322647988796234 -0.1799195259809494 2.025400161743164 156.94399510241874 37.29418663033525 55.73327575111339 0.032410852996690664
0343 0.1547495573759079 -0.17969222366809845 2.0151829719543457 156.91937370297225 35.1468116902223 55.61706870174224 0.03360431500186678
0344 0.15720930695533752 -0.17944283783435822 2.0100393295288086 155.71701742345587 34.54643305366749 54.072828466637375 0.03653706300246995
0345 0.16036245226860046 -0.18104571104049683 2.0212414264678955 157.10655867297322 34.85777177618281 54.32815935969654 0.03137816999515053
0346 0.16314537823200226 -0.1829157918691635 2.0312340259552 157.0597479897985 33.22943165193583 54.11252561528781 0.0348500000036438
0347 0.16720008850097656 -0.1848471462726593 2.0392420291900635 157.2494513542231 31.081724564543638 54.01301648511574 0.03601290900405729
0348 0.16728509962558746 -0.1836838573217392 2.0260262489318848 155.38396700014806 34.08780824973068 52.130366820971595 0.033441325002058875
0349 0.17294521629810333 -0.18843567371368408 2.0665535926818848 157.7691289827731 29.26422675433822 54.37673150551173 0.03166781099571381
0350 0.1765366643667221 -0.18923842906951904 2.0701980590820312 157.8613721634388 32.83512090263775 52.11382085636948 0.039445906004402786
0351 0.1771877408027649 -0.18704073131084442 2.0481982231140137 153.58188565203795 32.3948326048606 49.71110690218868 0.0356591390009271
0352 0.17717278003692627 -0.18645478785037994 2.0263874530792236 154.24231520900273 33.28012090566424 48.94672089575624 0.039553085996885784
0353 0.1791628897190094 -0.18740743398666382 2.028304100036621 153.9125862375546 29.15104418265335 49.67984516530642 0.03385943099419819
0354 0.18262602388858795 -0.18814413249492645 2.0304622650146484 153.96917846816459 31.87781866965463 48.45674025881131 0.030125325996777974
0355 0.18561388552188873 -0.19046609103679657 2.0461058616638184 154.4795779574504 30.602308243640095 47.53552029021692 0.03754586900322465
0356 0.18981125950813293 -0.19324031472206116 2.0707545280456543 155.49609400516093 29.47070149145418 47.61867925895462 0.034417619004670996
0357 0.1916602998971939 -0.1933096945285797 2.063236951828003 154.3323311831759 29.61746230989065 46.25507353132079 0.035424211993813515
0358 0.19296987354755402 -0.19282953441143036 2.0525615215301514 153.09454920829907 28.333461279957817 45.145759994249524 0.03596136700070929
0359 0.19287019968032837 -0.1920212358236313 2.034212350845337 151.16951910452764 28.328139597035232 43.40795446093807 0.03540447999694152
0360 0.19469065964221954 -0.1929565966129303 2.0399227142333984 151.06371284391506 27.793620410493553 43.24391279074019 0.031599088993971236
0361 0.19755415618419647 -0.1943969428539276 2.039903163909912 150.4593445081631 26.40921233379355 42.62862702746317 0.036496830005489755
0362 0.1961676925420761 -0.1924300342798233 2.00935697555542 148.15021602453027 25.252544485807576 41.46297179725066 0.039866860999609344
0363 0.19794246554374695 -0.19327422976493835 2.0082881450653076 149.57688216462057 26.197962410638457 40.77063406773934 0.03496130700659705
0364 0.2038492113351822 -0.19812007248401642 2.0444788932800293 149.5445305093261 23.59283947429262 41.47556224438984 0.03737509400525596
0365 0.20638304948806763 -0.19901958107948303 2.0417420864105225 149.32260633996063 22.528487194649973 41.17607806867356 0.043051724998804275
0366 0.2093198299407959 -0.2004062533378601 2.0528390407562256 149.68216065283855 24.273432731963307 39.58344526084327 0.03467708599782782
0367 0.21099545061588287 -0.20062166452407837 2.049485683441162 148.8497790887123 23.343436906186625 39.129474940078126 0.03366210400417913
0368 0.2132553607225418 -0.20138917863368988 2.047307014465332 149.8275649271848 23.062417094301587 38.549120663335174 0.037951195998175535
0369 0.21523450314998627 -0.20234116911888123 2.047222375869751 148.31421554674097 22.97058280977274 37.80005176078723 0.03322561099776067
0370 0.2159690260887146 -0.20248869061470032 2.0399320125579834 148.34959085540675 23.716249803648015 36.74292393834879 0.03636367300350685
0371 0.21910037100315094 -0.204677551984787 2.050157070159912 147.13250039016143 22.511726043979582 36.04175939090447 0.033985141999437474
0372 0.21896347403526306 -0.2038486897945404 2.030498743057251 144.834815896869 20.128835280067644 36.20852329995312 0.035286051002913155
0373 0.21997834742069244 -0.20414122939109802 2.026890516281128 146.9409468191737 20.18245390528804 35.40027965637946 0.03780343099788297
0374 0.22256480157375336 -0.2070474624633789 2.038160800933838 146.08575850597572 19.81021926681533 34.35777552692543 0.03154490800079657
0375 0.22421614825725555 -0.20694153010845184 2.0286238193511963 145.47968892283168 19.606899884077627 33.05403978655123 0.034986209000635426
0376 0.22796675562858582 -0.2093750685453415 2.046678304672241 145.47150261849058 21.883783065599367 32.01034150478886 0.034843528002966195
0377 0.23242338001728058 -0.2136416733264923 2.0714712142944336 147.44320295582958 20.288616571244706 32.164598878896335 0.030475683000986464
0378 0.23363777995109558 -0.214491069316864 2.0678610801696777 144.50477610916707 19.835707294327285 31.05496110546292 0.03438219300005585
0379 0.23750275373458862 -0.2173248827457428 2.0839505195617676 147.8282144031705 17.485563134478998 31.941634694056702 0.03488025499973446
0380 0.23912157118320465 -0.21907946467399597 2.0895915031433105 144.91364702999743 20.853523736987253 28.926291074920265 0.04100018500321312
0381 0.24173979461193085 -0.22068381309509277 2.0918612480163574 145.3565942052181 19.810856988206876 29.149360733581986 0.03535595200082753
0382 0.24236862361431122 -0.22084257006645203 2.083042860031128 144.32422837203754 17.65305878535081 29.3471573065328 0.03912767000292661
0383 0.24214987456798553 -0.22062723338603973 2.0694046020507812 144.5131644479591 19.2984995665401 27.9519552239774 0.03263727000012295
0384 0.24208033084869385 -0.22043900191783905 2.0586555004119873 143.05472639959623 17.259049518660728 27.65668068994965 0.03198988099757116
0385 0.24363265931606293 -0.22148236632347107 2.0570526123046875 143.3836922070463 16.501890081149018 27.076964184632768 0.04027419399790233
0386 0.24687980115413666 -0.22416286170482635 2.0680882930755615 144.175192741726 14.882591644226679 27.056879467761668 0.033767405002436135
0387 0.24721179902553558 -0.22527040541172028 2.064074993133545 142.21839333066174 18.15949699854908 24.649359937758387 0.036709934000100475
0388 0.24804839491844177 -0.22596170008182526 2.059795379638672 140.95742498046022 14.093684895492615 25.67042234906043 0.033629205005127005
0389 0.24701513350009918 -0.2241453379392624 2.0341057777404785 141.60957010826053 14.764032494340201 24.815250074214934 0.03115128599893069
0390 0.25223085284233093 -0.22904717922210693 2.069558620452881 142.44250140050667 15.521222224596855 23.570171006801 0.03213246999803232
0391 0.25431907176971436 -0.23103976249694824 2.0747625827789307 142.37556979098773 14.640807265961344 23.097427489692116 0.038910342002054676
0392 0.2569264769554138 -0.23325251042842865 2.083359479904175 142.7878584097441 14.294476659340438 22.71863383669359 0.03209396499732975
0393 0.2579283118247986 -0.2343222051858902 2.0754473209381104 140.34636117650874 12.751380147515466 23.076871611934852 0.03948744000081206
0394 0.2571709454059601 -0.23399192094802856 2.0657994747161865 142.0275647180056 14.610667855655114 21.028483610122052 0.03462750800099457
0395 0.25922396779060364 -0.23722253739833832 2.0743701457977295 140.1837680655772 9.846153049658463 22.153542719786984 0.03991795500041917
0396 0.2598467767238617 -0.23716796934604645 2.063934803009033 141.42338959827129 15.405230621858294 19.2652159348279 0.03473870400193846
0397 0.26022812724113464 -0.23804357647895813 2.0602738857269287 139.33901985006676 7.875277136498445 21.287857579726804 0.03836845500336494
0398 0.26069721579551697 -0.23783211410045624 2.05013108253479 140.45285592004205 15.966638015322838 16.802156016854905 0.034467123994545545
0399 0.2619726061820984 -0.24001669883728027 2.055821180343628 138.7195609011039 7.622860262081028 19.841786447233446 0.033827139995992184
0400 0.2642216384410858 -0.2420603185892105 2.061713457107544 140.97679173797607 11.852430601002402 17.579660695121547 0.035146242000337224
0401 0.26582735776901245 -0.24513623118400574 2.071988344192505 139.14367213865717 7.313338432404335 18.205596275724815 0.03898313000536291
0402 0.26771530508995056 -0.2461298257112503 2.072164297103882 141.0643088925552 11.268111790761933 16.28793097455976 0.03320926099695498
0403 0.2677202522754669 -0.2481076568365097 2.069446563720703 138.67764498654657 6.545361389737195 17.57603167700054 0.032822993998706806
0404 0.2705410122871399 -0.2507047951221466 2.080353021621704 140.44948215543454 9.371113990164611 15.92195601414285 0.035719202998734545
0405 0.2710762619972229 -0.252379834651947 2.0823659896850586 138.93533501360537 4.893141839445347 16.919511960266814 0.033282346004853025
0406 0.2740686237812042 -0.255015105009079 2.093994140625 141.21000283983523 8.363995809202603 14.527705574454433 0.03436991900525754
0407 0.27653759717941284 -0.258003830909729 2.103999137878418 139.43277687672264 2.7120643853462085 16.825099935874675 0.03867747500044061
0408 0.27830493450164795 -0.2591794729232788 2.1058812141418457 140.59028136394755 4.094042093531836 15.134487067609586 0.03443475699896226
0409 0.27996498346328735 -0.26203322410583496 2.1166954040527344 140.32530230559124 3.587256889584973 13.889255776594322 0.03775298099935753
0410 0.28091996908187866 -0.26368024945259094 2.115427017211914 139.58624291795905 4.373217973891039 12.493842347470439 0.04305940899939742
0411 0.2809574007987976 -0.26549768447875977 2.1131908893585205 140.11450537393267 1.8608876137870936 12.921571666676595 0.032296343000780325
0412 0.2804555892944336 -0.266239732503891 2.110222578048706 139.6269755310296 4.641482765067168 10.078527915604218 0.03466280399879906
0413 0.282469779253006 -0.26848891377449036 2.114943504333496 139.24706864646666 2.36567770296394 11.10545230076568 0.0355403070061584
0414 0.28596410155296326 -0.2721156179904938 2.128633737564087 139.9977958675088 0.3574734839711287 11.36085059978382 0.03690846599783981
0415 0.2866862714290619 -0.2739875316619873 2.1326098442077637 139.71332077132644 0.3014227288952018 10.78866924510807 0.0368265840006643
0416 0.2878043055534363 -0.27648860216140747 2.1385185718536377 140.08257578556595 -0.8258493325169315 10.446603388598882 0.032376672003010754
0417 0.28981733322143555 -0.27811679244041443 2.14162015914917 140.86976908925234 0.00995137297903212 9.996162160645943 0.037430863005283754
0418 0.2897327244281769 -0.27972009778022766 2.1381680965423584 139.34861492065465 -1.3293034842159164 9.15075684824483 0.03435504399385536
0419 0.28933387994766235 -0.2803710997104645 2.1330924034118652 139.42434145801982 0.19211544283024987 7.718975173429741 0.03291337900009239
0420 0.2901291251182556 -0.28247109055519104 2.1387088298797607 139.16431493525167 0.18385255696237193 7.049278406892162 0.034357370001089294
0421 0.29113301634788513 -0.2844696342945099 2.139444589614868 139.34905816980984 -1.6680286098141177 6.589457424829064 0.03482139699917752
0422 0.29165032505989075 -0.28619179129600525 2.143734931945801 139.15716837488466 -1.0492377719562271 5.446313126256612 0.03299865699955262
0423 0.292270302772522 -0.28756484389305115 2.142186403274536 138.6337725549137 -1.1446029475674149 4.823565743567695 0.039178696999442764
0424 0.2922876179218292 -0.28818434476852417 2.1361827850341797 138.52854175486254 0.8954841662196142 3.235826394824865 0.036183735996019095
0425 0.29010024666786194 -0.28790441155433655 2.1174843311309814 137.54659232115753 -5.9690696379766734 5.588559996788353 0.03859753900178475
0426 0.2899562120437622 -0.2895401120185852 2.119612455368042 137.4044758133129 0.5983191986565753 2.241548292659342 0.03551676499773748
0427 0.29315516352653503 -0.2944984436035156 2.143183708190918 139.64223536677105 -6.4641699487524225 3.7238357939300717 0.03480520199809689
0428 0.29392263293266296 -0.29641082882881165 2.1437394618988037 138.54212826477354 0.4781004368044203 -0.11838724634228 0.03491539399692556
0429 0.29100513458251953 -0.29431426525115967 2.1192233562469482 137.96545775928612 -4.875205472758687 1.223517332425075 0.033359788001689594
0430 0.29210180044174194 -0.29746773838996887 2.1287624835968018 137.94234072054826 0.05270943070059009 -1.5083103777410096 0.041609478001191746
0431 0.2923484742641449 -0.2986548840999603 2.125913143157959 138.51420179312763 -7.426969518868055 0.8074155897703809 0.030873600000631995
0432 0.29379695653915405 -0.3023921251296997 2.139714241027832 139.20453488923624 -2.292194799077175 -2.03972707105765 0.03242994000174804
0433 0.29364052414894104 -0.3030227720737457 2.1337850093841553 138.14931155044755 -4.695941663178353 -1.6503786113107404 0.035976420003862586
0434 0.2933472692966461 -0.3039945363998413 2.129842519760132 138.7811417184012 -4.301158390376182 -2.1661107396060495 0.03296159200544935
0435 0.2923003137111664 -0.3055332899093628 2.1280245780944824 138.18053604410994 -4.468304401178959 -3.535503010429675 0.03379712800233392
0436 0.29416754841804504 -0.3083801567554474 2.1361501216888428 138.5523217811163 -4.72545607278563 -4.294492020142739 0.035181687999283895
0437 0.29110777378082275 -0.30721551179885864 2.117266893386841 137.30776248894617 -5.491306301864273 -4.425323829596576 0.02959864899457898
0438 0.2946065068244934 -0.3121265172958374 2.140835762023926 140.4375667357582 -5.724974147962992 -5.401325030795757 0.03474242300580954
0439 0.2924254536628723 -0.31238824129104614 2.1323447227478027 137.2382375731433 -5.415809713827347 -5.933128900813434 0.03287244099919917
0440 0.2910660207271576 -0.31172046065330505 2.116816282272339 137.33209253592094 -8.702279089563698 -4.233190407678279 0.03651011399779236
0441 0.29176443815231323 -0.31496307253837585 2.1262032985687256 138.1986270439681 -5.814032366392726 -7.357145314976776 0.0352399149996927
0442 0.2899957001209259 -0.31527817249298096 2.1183900833129883 137.60639903751766 -9.167972603481756 -7.044885934268595 0.036319719001767226
0443 0.28958332538604736 -0.3167227804660797 2.115067958831787 137.7546680669316 -6.69467243840827 -8.38072018291336 0.0324010430049384
0444 0.28814372420310974 -0.31814828515052795 2.1133601665496826 137.80071407567345 -8.79012796818905 -7.851635987363549 0.03063688299880596
0445 0.28967931866645813 -0.32152870297431946 2.127521276473999 138.806507179638 -10.961824839892838 -7.095212624360268 0.03656246600439772
0446 0.2918252944946289 -0.3253253400325775 2.1405627727508545 138.66799576624626 -8.617306387793684 -9.378172149085318 0.033374093000020366
0447 0.29031914472579956 -0.3260904550552368 2.1337954998016357 138.6336968170508 -10.92384604050078 -9.584276482048168 0.03507143699971493
