timestamp x_robot y_robot z_robot roll_robot pitch_robot yaw_robot runtime
0000 0.7593083381652832 -0.7802424430847168 3.1478464603424072 -158.57310645667502 -55.976246447507854 -105.12362922299224 5.728952227043919
0001 0.7494341135025024 -0.775136411190033 3.1198549270629883 -163.79552158117534 -55.87974475084316 -97.59649058501107 0.08989366400055587
0002 0.7360545992851257 -0.7813926935195923 3.126843214035034 -160.56057834136735 -50.72046253311888 -100.43253407191212 0.09037745697423816
0003 0.7348619699478149 -0.790058970451355 3.1556968688964844 -159.05177805387356 -49.36920914599674 -102.48951573669949 0.102670434047468
0004 0.7176754474639893 -0.7831521034240723 3.1201257705688477 -158.4890875473446 -50.40254690978347 -103.68885370353021 0.10701448901090771
0005 0.7010369300842285 -0.7786701321601868 3.0917890071868896 -155.55283900902148 -50.051238121030345 -105.55289505370659 0.08725987398065627
0006 0.6991729736328125 -0.787053644657135 3.1229169368743896 -156.85272565230477 -49.224334495500486 -105.60915085150909 0.09436419792473316
0007 0.6774410605430603 -0.7765082120895386 3.0718653202056885 -154.8949114696845 -48.547111724451014 -106.78655010751076 0.10126611299347132
0008 0.6617718935012817 -0.7711701393127441 3.0410120487213135 -153.46506476152908 -45.962718357126256 -107.14450759903464 0.09349172201473266
0009 0.6562439799308777 -0.7769525647163391 3.060281991958618 -156.41874443129763 -46.01094021137085 -104.82497297834824 0.10354725399520248
0010 0.6581289768218994 -0.7886984944343567 3.1062419414520264 -155.73970990690395 -46.01074516149223 -105.37117831736825 0.10760053002741188
0011 0.6481323838233948 -0.7922699451446533 3.1129753589630127 -156.30563427296187 -46.3440083128866 -106.4802193881892 0.1157584119355306
0012 0.6291642189025879 -0.7827765941619873 3.068960428237915 -154.91226245210578 -45.15902963038212 -107.73293677796616 0.11739559192210436
0013 0.6280360817909241 -0.794011652469635 3.1103429794311523 -154.3922918172284 -43.929266923581544 -107.60929043574511 0.11459511506836861
0014 0.6280876994132996 -0.806287944316864 3.1544384956359863 -157.95945737319354 -45.467963587368004 -105.18382450476538 0.09792163199745119
0015 0.6121832728385925 -0.8007485270500183 3.1271188259124756 -155.40700051866693 -44.35062168202607 -107.49365568358242 0.08928197692148387
0016 0.5927544236183167 -0.7887442708015442 3.0742082595825195 -154.6683252567319 -43.24689676304859 -107.1880034644326 0.10455977800302207
0017 0.5837830901145935 -0.7901024222373962 3.0773675441741943 -156.6929492888948 -44.73563176157588 -106.94708677117167 0.1197971838992089
0018 0.569479763507843 -0.7869495153427124 3.060360908508301 -155.55234327213614 -43.534493656645715 -107.0960388016792 0.10559514700435102
0019 0.5507704615592957 -0.7772515416145325 3.016221046447754 -154.08085192711658 -41.41699915671567 -108.21776486401826 0.08612033200915903
0020 0.5373494029045105 -0.771706223487854 2.9938204288482666 -152.6563741772572 -41.471272293701176 -109.59788794521286 0.10394685994833708
0021 0.5310267806053162 -0.7771368026733398 3.011817455291748 -153.97993192930318 -41.54342626962707 -108.01176084081791 0.09252923401072621
0022 0.5152119398117065 -0.7671697735786438 2.9695825576782227 -158.37653707550774 -44.06670799137515 -106.74062341461841 0.12479893397539854
0023 0.5056396722793579 -0.7726532220840454 2.985414505004883 -154.2545989713824 -43.22172932235689 -107.92533849197201 0.10883169900625944
0024 0.5024743676185608 -0.7827976942062378 3.021639823913574 -158.17021269879461 -45.88719146612141 -106.5646646785895 0.1280035600066185
0025 0.485215961933136 -0.7746980786323547 2.9842801094055176 -156.06603398608368 -45.65345554776347 -105.919011614011 0.11279100307729095
0026 0.48063236474990845 -0.7838492393493652 3.016190528869629 -156.09884050683357 -45.417640853038414 -107.36606426578889 0.10286938201170415
0027 0.46505144238471985 -0.7781783938407898 2.988072395324707 -154.68056154735 -42.21098891264021 -107.98856806829015 0.09984485199674964
0028 0.454232782125473 -0.777799665927887 2.9855475425720215 -154.40913611767925 -41.80696501031988 -107.44042166188018 0.12786443694494665
0029 0.44474416971206665 -0.7789722084999084 2.988032102584839 -156.19854227226247 -43.0642881093252 -106.47743180835887 0.11874040402472019
0030 0.42708620429039 -0.7686035633087158 2.9437615871429443 -154.4008266596078 -42.40746702731068 -107.84151301245878 0.10595066798850894
0031 0.420829176902771 -0.7752284407615662 2.968252658843994 -156.61270349098933 -43.28882528992311 -106.99753803599172 0.07591499399859458
0032 0.40874773263931274 -0.7744555473327637 2.9602527618408203 -155.78159890083282 -41.09013640572796 -106.93412783135098 0.12045419903006405
0033 0.39617231488227844 -0.7681176662445068 2.9349148273468018 -155.13083419579792 -42.23847863944191 -108.15284789185982 0.09259199793450534
0034 0.3917677402496338 -0.7783570289611816 2.9718029499053955 -155.6228590856162 -41.672779618012214 -107.8366600577299 0.0900472990470007
0035 0.38414907455444336 -0.7842259407043457 2.9901037216186523 -156.02585494062762 -42.31863242673248 -108.4045613720456 0.10001802502665669
0036 0.3682192265987396 -0.7747374773025513 2.949082136154175 -153.84914241151716 -41.60610805535181 -109.19175436520656 0.08924293494783342
0037 0.3609122335910797 -0.7796611785888672 2.9658663272857666 -156.06311306198907 -42.50033770888416 -108.9480486203383 0.08773184299934655
0038 0.34938180446624756 -0.7781867384910583 2.95815372467041 -157.04401337187772 -42.98219780885853 -107.67766274236946 0.08270038198679686
0039 0.33328986167907715 -0.7666170597076416 2.9100749492645264 -158.20451807375935 -40.68384696621752 -106.87788244597022 0.08507402893155813
0040 0.3270757496356964 -0.7747173309326172 2.941654682159424 -158.0234364491251 -42.42896295905897 -107.332186947525 0.1052248899359256
0041 0.3130032420158386 -0.7655388116836548 2.9022011756896973 -157.48933685073487 -43.05712177623154 -108.65296020132324 0.09267804794944823
0042 0.3012685477733612 -0.7629504799842834 2.889881134033203 -156.8243960665865 -40.99581344296638 -109.6495406856546 0.10206767707131803
0043 0.29355478286743164 -0.7676534056663513 2.90891170501709 -157.45093620387902 -42.00498832985694 -109.51150043944047 0.08274163398891687
0044 0.2837629020214081 -0.7647292017936707 2.8950154781341553 -156.4820493004906 -42.28720736674373 -110.52294567512953 0.12771269108634442
0045 0.2729656994342804 -0.7617356777191162 2.8817813396453857 -155.5488604430799 -41.2321257904888 -111.00510150791347 0.07085115800146013
0046 0.2621549367904663 -0.7585921883583069 2.8690669536590576 -155.5484192684886 -41.580139073051804 -111.59651974252033 0.10145890596322715
0047 0.2522841691970825 -0.7588407397270203 2.868446111679077 -156.75943530238226 -42.33162942029724 -111.14820382306863 0.11969049705658108
0048 0.23444750905036926 -0.7490524649620056 2.829695224761963 -155.896530977502 -43.98921439027244 -111.25264422941609 0.13397038693074137
0049 0.22686758637428284 -0.7589821219444275 2.867326021194458 -156.4025893178973 -42.46779944834551 -112.01683524590054 0.10904105193912983
0050 0.2150898426771164 -0.7537286877632141 2.8463897705078125 -155.3611492498255 -42.87895170321358 -113.08936808392339 0.09462039894424379
0051 0.20915508270263672 -0.7634832859039307 2.8834896087646484 -154.9286263700453 -41.899718783367206 -114.9534000735398 0.10201517294626683
0052 0.19963738322257996 -0.7614850997924805 2.874323606491089 -154.62108630605786 -40.044517530588024 -116.51411832800504 0.11234872206114233
0053 0.19309741258621216 -0.7704195976257324 2.9137375354766846 -154.0683152420107 -38.94537388338615 -117.34065104963267 0.11008714593481272
0054 0.1877683699131012 -0.7706956267356873 2.9152567386627197 -152.71924921257434 -37.789462046724324 -119.20610292220638 0.12873392389155924
0055 0.18426404893398285 -0.765390932559967 2.8955674171447754 -151.6872178915697 -35.51364185166107 -119.88847427635856 0.09578942495863885
0056 0.18186277151107788 -0.7592397928237915 2.8728060722351074 -150.8922364703508 -35.06845617298525 -120.3498175014543 0.10874619008973241
0057 0.1808645874261856 -0.755932092666626 2.8602871894836426 -149.86691988840454 -35.76704085492897 -121.29848349177962 0.10953035193961114
0058 0.18025614321231842 -0.7533690929412842 2.850942373275757 -150.32551724790676 -35.09416268220528 -121.34852771294943 0.10517917794641107
0059 0.1804584264755249 -0.7545954585075378 2.8558034896850586 -149.8157836437136 -35.444086811306235 -121.17901089938545 0.12397315993439406
0060 0.18041639029979706 -0.7539719939231873 2.8531267642974854 -150.24661370160126 -35.54964162662545 -121.38356684504056 0.11847293202299625
0061 0.17989282310009003 -0.7530162930488586 2.8494038581848145 -149.97797144710245 -35.488764548495034 -121.24839110845805 0.11164166103117168
0062 0.17985428869724274 -0.7528195381164551 2.8487727642059326 -150.12534766030777 -35.59363191542171 -121.27338236178161 0.0799423340940848
0063 0.1798509657382965 -0.7529256939888 2.849080801010132 -149.93717155573987 -35.52278901058011 -121.3606503127119 0.09460911003407091
0064 0.17994321882724762 -0.7531552910804749 2.849928140640259 -150.0073089633947 -35.46164531539097 -121.4002152894424 0.09978708298876882
0065 0.1798703670501709 -0.7529696226119995 2.848316192626953 -149.25772627432548 -36.215180706864466 -121.95886373188755 0.08320494298823178
0066 0.17951418459415436 -0.7518925666809082 2.843930959701538 -149.40295542708859 -36.33256071902094 -122.34116496670084 0.08202170406002551
0067 0.17917026579380035 -0.7501801252365112 2.8372156620025635 -148.83293869092645 -36.760787080509 -122.60915297433856 0.10098189197015017
0068 0.1792331337928772 -0.7500625252723694 2.837289333343506 -149.2632374391863 -36.349412927907615 -122.51685595681037 0.11897954100277275
0069 0.17896847426891327 -0.7497012615203857 2.835343599319458 -148.85700855243215 -36.82634368562382 -122.67293998934575 0.08323104889132082
0070 0.1789531707763672 -0.7490107417106628 2.832763671875 -149.1525858025559 -36.6690834659237 -122.74773819955107 0.08530937891919166
0071 0.17887501418590546 -0.7490002512931824 2.8327414989471436 -148.92452914529173 -36.847988377114504 -122.75484044705205 0.0825915290042758
0072 0.17877450585365295 -0.7484019994735718 2.830348014831543 -148.6037760814428 -36.81570576283458 -123.06037355117039 0.0967116819228977
0073 0.17876370251178741 -0.7485034465789795 2.830845355987549 -148.8361567339058 -36.68904321926841 -123.0075168229369 0.09496347804088145
0074 0.17851316928863525 -0.7475445866584778 2.827319622039795 -148.54260162189502 -36.71703490404786 -123.09767118843851 0.0916957420995459
0075 0.17829638719558716 -0.7466633915901184 2.8240208625793457 -148.66398570976008 -36.71787556877774 -123.13461355135419 0.14254256710410118
0076 0.1781667172908783 -0.7458981275558472 2.8212976455688477 -148.78905344941603 -36.54496813311997 -122.94884156000974 0.15473864204250276
0077 0.1784956306219101 -0.7479400634765625 2.828645706176758 -148.91381498129417 -36.47495982477591 -122.85304167255313 0.1252684909850359
0078 0.1784510761499405 -0.7477877140045166 2.8278913497924805 -149.04104167907147 -36.63021225545102 -122.81253178751776 0.1097492459230125
0079 0.1784931719303131 -0.7476912140846252 2.8271689414978027 -148.4947931644176 -36.79611723115868 -123.11494545783131 0.08356728602666408
0080 0.17861373722553253 -0.7480853796005249 2.8289430141448975 -148.78512929326618 -36.321602151993986 -123.05761911647654 0.1133748630527407
0081 0.17867746949195862 -0.7494045495986938 2.83402943611145 -148.83675043211807 -36.42969493803607 -122.88659866208798 0.0975759819848463
0082 0.1786787211894989 -0.749111533164978 2.8325061798095703 -148.75741032905125 -36.55745714606926 -122.96464823983631 0.1276947580045089
0083 0.17859967052936554 -0.7485023140907288 2.8302080631256104 -148.6399176898747 -36.579302627646555 -123.13082310101863 0.11247346689924598
0084 0.17862848937511444 -0.7485577464103699 2.8302814960479736 -148.4594856465188 -36.70271848501477 -123.23371216159181 0.07724620797671378
0085 0.17861191928386688 -0.7484092712402344 2.8297221660614014 -148.84928978632064 -36.585405442071135 -123.07354740008982 0.11190808704122901
0086 0.17855887115001678 -0.7485348582267761 2.8302693367004395 -148.72662516932567 -36.737062005235764 -123.02899552810213 0.09907936700619757
0087 0.17865373194217682 -0.7490006685256958 2.8322393894195557 -149.1188378132035 -36.48769562454057 -122.86091597747722 0.137509110965766
0088 0.1786874383687973 -0.7496564388275146 2.83487868309021 -149.2505830477698 -36.66627821680878 -122.62532408358645 0.09802847995888442
0089 0.17873653769493103 -0.7497614622116089 2.8351759910583496 -149.4264176662413 -36.65857524589804 -122.5148456963818 0.11911891703493893
0090 0.17864814400672913 -0.7495716214179993 2.834479331970215 -149.40147954332625 -36.59868999770395 -122.47366022936325 0.08191253594122827
0091 0.1786561757326126 -0.7498162388801575 2.8353142738342285 -149.39319655856545 -36.68301873121359 -122.4522647499758 0.10939714696723968
0092 0.1787494719028473 -0.7501150965690613 2.8365323543548584 -149.58350847368004 -36.61028449222972 -122.41891793209433 0.09615495800971985
0093 0.179299458861351 -0.7519146800041199 2.8435113430023193 -149.41198091066465 -37.23568066619966 -122.36237543775577 0.11459304799791425
0094 0.17969763278961182 -0.7528162598609924 2.8465676307678223 -149.35917830928844 -37.038134390824304 -122.55290915771685 0.0807611959753558
0095 0.17961759865283966 -0.7525750994682312 2.8456919193267822 -149.27953999052312 -37.05803760071718 -122.58152950556726 0.09271112398710102
0096 0.17965511977672577 -0.7527944445610046 2.8465075492858887 -149.31861699913563 -36.83857049890293 -122.55836479007907 0.09368244698271155
0097 0.17945677042007446 -0.7520395517349243 2.8436858654022217 -149.19477988380865 -36.92013958522106 -122.63885284828271 0.10001728998031467
0098 0.1792881339788437 -0.7512811422348022 2.840728759765625 -149.02222120310304 -37.01665250389457 -122.79706172627995 0.10225026297848672
0099 0.17935289442539215 -0.7516461610794067 2.8419337272644043 -148.90502964896348 -37.057047104101706 -122.94211534526745 0.10286969400476664
0100 0.1794579029083252 -0.7520802021026611 2.8435425758361816 -148.85605910652987 -37.124098089401 -123.04752290563438 0.11459674499928951
0101 0.1797964870929718 -0.7534494400024414 2.848984956741333 -149.08295969643115 -37.0244612866151 -122.89196570089749 0.09122715797275305
0102 0.17978528141975403 -0.7534574270248413 2.8489105701446533 -149.04230539581877 -36.981726176649815 -122.85856639504516 0.11429827800020576
0103 0.1797376275062561 -0.7532084584236145 2.848015308380127 -149.10958430142858 -36.88326083083587 -122.84488714477264 0.10994443704839796
0104 0.179631769657135 -0.7529996633529663 2.84733247756958 -149.06496183382902 -36.93046867905802 -122.85013745229371 0.11405224702320993
0105 0.17956632375717163 -0.7526134848594666 2.845963478088379 -148.93435571447577 -36.856945910212346 -122.86818543244222 0.10012106609065086
0106 0.17943324148654938 -0.7520100474357605 2.8436691761016846 -149.00623984187175 -36.927992684689045 -122.88705180130809 0.10128660697955638
0107 0.17949005961418152 -0.7523072361946106 2.844757080078125 -148.89040059485322 -36.94026194232075 -122.91954863287133 0.09602845995686948
0108 0.1795278787612915 -0.7524146437644958 2.8451850414276123 -149.02753316382552 -36.94763153445336 -122.89058972380512 0.1050488620530814
0109 0.17965751886367798 -0.753057599067688 2.8477718830108643 -149.05969164152057 -36.937680558960814 -122.80646669236944 0.1141235139220953
0110 0.17977821826934814 -0.7534632086753845 2.8492207527160645 -149.2175751680758 -37.024153963913456 -122.70945446003978 0.1329684560187161
0111 0.17990364134311676 -0.7537989020347595 2.85038161277771 -149.34289246295586 -36.950159359228394 -122.56829670134094 0.11406924400944263
0112 0.17981286346912384 -0.7533899545669556 2.848944902420044 -149.3715531919834 -36.82070395850416 -122.52017428844208 0.09052368102129549
0113 0.17965316772460938 -0.7527014017105103 2.8463211059570312 -149.23586848738617 -36.81681983149297 -122.60767459791506 0.10358700598590076
0114 0.17958387732505798 -0.7524388432502747 2.8453049659729004 -149.23280213363432 -36.833696422608575 -122.6438828912922 0.0991336569422856
0115 0.179531529545784 -0.7522000670433044 2.8444643020629883 -149.1831803590044 -36.86627241460232 -122.69104027959385 0.09611362509895116
0116 0.17964507639408112 -0.7527234554290771 2.8463706970214844 -149.19294779158068 -36.84794615423871 -122.6824947209791 0.0788353969110176
0117 0.17949432134628296 -0.7520793080329895 2.8438637256622314 -149.15199195027438 -36.874774068947055 -122.71171450952625 0.09196393401362002
0118 0.17931081354618073 -0.7512153387069702 2.840425491333008 -149.01641545099693 -36.946210786489914 -122.85424579968789 0.09824133501388133
0119 0.1791163980960846 -0.7504987120628357 2.837679147720337 -148.79042500893104 -36.925256943289035 -123.04570544620375 0.07988384691998363
0120 0.17899103462696075 -0.7500734329223633 2.8362112045288086 -148.80337059359064 -36.811955963002326 -123.07051667506752 0.10498905996792018
0121 0.1787957102060318 -0.7493891716003418 2.833653450012207 -148.81578410980012 -36.84226762424945 -123.09123589148706 0.11178097093943506
0122 0.178802028298378 -0.749454140663147 2.833909273147583 -148.76558632121487 -36.82759282701049 -123.1168235835204 0.11518965102732182
0123 0.1787688434123993 -0.7492960691452026 2.8333420753479004 -148.81282840577563 -36.811613445139145 -123.08815351970027 0.12409813806880265
0124 0.17872147262096405 -0.7490755319595337 2.8325109481811523 -148.79485201942404 -36.878130245170084 -123.09366297751585 0.0896322230109945
0125 0.1788071095943451 -0.7493963241577148 2.833669424057007 -148.7269725073054 -36.8466172357813 -123.12574495059297 0.09582837601192296
0126 0.17883041501045227 -0.7494898438453674 2.8340468406677246 -148.77686506588643 -36.84307574195096 -123.09698672581595 0.11271385697182268
0127 0.17883744835853577 -0.7495277523994446 2.8341734409332275 -148.7674676677307 -36.864719658268584 -123.10027879558452 0.09623420599382371
0128 0.17884330451488495 -0.7494989633560181 2.8340353965759277 -148.7356743343059 -36.84931561795871 -123.12993724540736 0.09973787993658334
0129 0.1786993443965912 -0.7504384517669678 2.839790105819702 -149.37611534885653 -36.06439987577441 -122.22360367995657 0.10130991810001433
0130 0.1764361411333084 -0.7517594695091248 2.8468873500823975 -151.91960908929084 -36.36122883422374 -118.63291937837604 0.1035486770560965
0131 0.17143794894218445 -0.742699384689331 2.8144454956054688 -150.5557647329058 -37.89690792349495 -116.6491647506872 0.12742394593078643
0132 0.16640403866767883 -0.7404167056083679 2.805612325668335 -153.01251626807024 -41.445673470282536 -113.73722461748599 0.12136824405752122
0133 0.1603122502565384 -0.7361500263214111 2.7888805866241455 -156.39360445548687 -43.92136622078482 -109.85037727073248 0.11750249098986387
0134 0.15728484094142914 -0.739450216293335 2.7999796867370605 -158.8489043409626 -46.17725628797287 -105.49714116067938 0.11099176190327853
0135 0.15299363434314728 -0.744854211807251 2.8221728801727295 -164.10971202487727 -48.24909938523944 -101.17256980804915 0.12001178995706141
0136 0.1481887251138687 -0.7434850931167603 2.8179588317871094 -168.2417676907323 -51.25143618288831 -94.65356097665818 0.12239679996855557
0137 0.14206691086292267 -0.7406056523323059 2.8060266971588135 -170.54092334867093 -50.72169040570706 -90.38086092126748 0.09140817495062947
0138 0.13796117901802063 -0.7494937777519226 2.838491678237915 -173.02841010355172 -48.99632091826423 -87.91151960151967 0.12494335300289094
0139 0.13537803292274475 -0.7574482560157776 2.8656060695648193 -174.34415105561732 -48.286884970251485 -86.96548890469339 0.11819429602473974
0140 0.1315939724445343 -0.7515086531639099 2.8399527072906494 -176.10456386101754 -48.44102654344046 -86.83896105412605 0.11763820808846503
0141 0.12868738174438477 -0.7485174536705017 2.824690818786621 -174.52578658799413 -49.56174241686833 -88.84838903535051 0.09620252100285143
0142 0.1251971572637558 -0.7417564392089844 2.7972137928009033 -171.569508010229 -50.74538310597247 -92.25796080274412 0.1292334949830547
0143 0.12419208139181137 -0.7453691959381104 2.809434175491333 -169.82108003192107 -49.59089037746291 -94.0500851983291 0.10741789697203785
0144 0.12135457992553711 -0.7492166757583618 2.8212320804595947 -168.0488260962626 -48.3422977635791 -96.97784657083525 0.10975602094549686
0145 0.11671473830938339 -0.7420587539672852 2.793231248855591 -162.24421452690558 -47.79722021773889 -102.29167747846937 0.09987265395466238
0146 0.11446832120418549 -0.7500062584877014 2.822819709777832 -162.121909608347 -46.98680788562557 -104.35185269499195 0.12046602903865278
0147 0.10657669603824615 -0.7404218316078186 2.7828941345214844 -156.95883067692571 -43.685824433702514 -109.02444585161436 0.12203216005582362
0148 0.10152971744537354 -0.7388777136802673 2.776811361312866 -155.86650596080997 -45.071457497888964 -111.32821654066723 0.1001334860920906
0149 0.09806917607784271 -0.7498095035552979 2.8168835639953613 -155.47041277974483 -43.25586748284344 -113.02002561190844 0.11233751708641648
0150 0.09185513854026794 -0.7518160939216614 2.8251352310180664 -155.52604242347323 -42.304117376038626 -114.00213645766698 0.10249746101908386
0151 0.0873560905456543 -0.7593587040901184 2.852409839630127 -155.68855720630415 -42.18551545569603 -115.14968286216985 0.09471814800053835
0152 0.08157509565353394 -0.7540656328201294 2.8314712047576904 -154.64400868776414 -42.084050741367356 -117.34377461557175 0.09567942505236715
0153 0.07638023048639297 -0.7624337673187256 2.863276481628418 -153.68085253321314 -40.59745888286276 -118.88270398584842 0.08877239399589598
0154 0.06914958357810974 -0.7539734244346619 2.830805540084839 -153.0634964034448 -40.16614052694428 -119.90619344834606 0.09709626494441181
0155 0.062414415180683136 -0.7509888410568237 2.8198659420013428 -152.58416778310368 -39.17229709635727 -121.29376185214024 0.10109187802299857
0156 0.053188275545835495 -0.7438968420028687 2.796424150466919 -149.54771588145545 -38.490733877169546 -123.79555310634 0.08983889291994274
0157 0.04508119821548462 -0.7405495643615723 2.7870123386383057 -149.0754864712904 -37.33903959000347 -125.26841314896834 0.08800943207461387
0158 0.03484754636883736 -0.7395249009132385 2.786879062652588 -150.23115358104138 -34.780439478507034 -124.82182762251043 0.12779013602994382
0159 0.025465164333581924 -0.7396013140678406 2.7941858768463135 -150.41731698619122 -33.5399261949124 -123.88345252518931 0.09698038303758949
0160 0.015517526306211948 -0.7395009398460388 2.7999491691589355 -150.91511476473508 -33.6484231624495 -123.87389361968808 0.11813401500694454
0161 0.006626500282436609 -0.7383387088775635 2.8021557331085205 -150.04400420669373 -34.304431975374044 -125.24780793158139 0.10135134297888726
0162 -0.003642966505140066 -0.726978063583374 2.7641007900238037 -150.74741768177535 -35.94026643307602 -125.91443343049467 0.12117904797196388
0163 -0.012512514367699623 -0.7271617650985718 2.7711422443389893 -149.73497085188777 -34.588714114224366 -127.04512946524264 0.11229273397475481
0164 -0.02249419502913952 -0.7174153327941895 2.7450954914093018 -150.23241355519886 -34.19693944112312 -127.19656837172916 0.12154532701242715
0165 -0.03071494773030281 -0.7138904929161072 2.738440752029419 -149.17530515982511 -34.30031318029986 -127.91655426281238 0.11166232207324356
0166 -0.04135574772953987 -0.7202019691467285 2.771047353744507 -151.3233381330816 -35.3375881259366 -127.71065595166381 0.13041322492063046
0167 -0.04840981215238571 -0.7162230610847473 2.7596187591552734 -149.28982364998353 -33.030032449838465 -128.38579913638964 0.08577229792717844
0168 -0.05670835077762604 -0.7133801579475403 2.757157802581787 -149.2320975155993 -30.923452425607344 -129.67729197886422 0.10152643208857626
0169 -0.06334239989519119 -0.7025928497314453 2.7213268280029297 -145.29964373419003 -30.313603299017007 -131.32046965597635 0.10755932005122304
0170 -0.07120698690414429 -0.6989931464195251 2.714810609817505 -147.58727642915815 -29.49907699401871 -133.63013602896362 0.11091958603356034
0171 -0.078965924680233 -0.6996825337409973 2.725064754486084 -145.31733771351622 -29.668498019127284 -135.30770069935613 0.11955967999529094
0172 -0.08534207195043564 -0.6917958855628967 2.6998894214630127 -143.95858950705022 -27.981074730902687 -138.1354612277366 0.1132342629134655
0173 -0.09159740805625916 -0.6826463937759399 2.6733558177948 -142.55892620640265 -25.962488336686132 -139.7888085843798 0.09855921100825071
0174 -0.10005312412977219 -0.6844783425331116 2.6903281211853027 -142.64418040558257 -25.842631793497567 -141.16315023125316 0.09538622305262834
0175 -0.1049695834517479 -0.6833955645561218 2.691777467727661 -142.64150688385897 -25.071282714772497 -142.9425884281906 0.1146542449714616
0176 -0.10527630895376205 -0.6796711087226868 2.6803395748138428 -142.01711594875533 -24.685482566553773 -142.96683864010924 0.09102608601097018
0177 -0.10606476664543152 -0.6802194118499756 2.6833415031433105 -142.77792993858256 -24.492932626729207 -142.89620694633905 0.11598377104382962
0178 -0.10569898784160614 -0.677788257598877 2.6740713119506836 -142.01131912709417 -24.47895725321095 -142.98651801940315 0.09985071304254234
0179 -0.10560044646263123 -0.6770145893096924 2.6709184646606445 -142.2770078817141 -24.77574565169451 -143.1325517152732 0.1029404359869659
0180 -0.10565520077943802 -0.6770690679550171 2.671288013458252 -142.0937074973252 -24.439379878411128 -143.11022697337117 0.10446980106644332
0181 -0.1057933121919632 -0.6777734160423279 2.6741998195648193 -142.30115504502487 -24.28072071872516 -142.9966405273669 0.1151540590217337
0182 -0.10609578341245651 -0.6793407201766968 2.6807336807250977 -142.5548530248888 -23.92286834921838 -142.73847378675345 0.12653780996333808
0183 -0.1060611829161644 -0.6790536642074585 2.6797213554382324 -142.366831210122 -23.804676839828726 -142.65150927696718 0.10531972092576325
0184 -0.10613217949867249 -0.6790156364440918 2.6796934604644775 -142.7129329059662 -23.512117839093023 -142.44685995123507 0.09481170191429555
0185 -0.10638973861932755 -0.6802237629890442 2.6848208904266357 -142.44572013141695 -23.418795421660132 -142.37536832075406 0.09666694409679621
0186 -0.1062544509768486 -0.6794082522392273 2.6815695762634277 -142.57734959740844 -23.375373157373648 -142.43249861695816 0.10256492090411484
0187 -0.10621530562639236 -0.67914217710495 2.680467367172241 -142.42930517777293 -23.317372001206817 -142.46517805329538 0.12802959501277655
0188 -0.10630869120359421 -0.67928147315979 2.6811773777008057 -142.50611189106135 -23.15115288262122 -142.4377349946982 0.108714927919209
0189 -0.1063799113035202 -0.6796428561210632 2.6825990676879883 -142.44886550566784 -23.609810115838208 -142.5362282323501 0.08827834797557443
0190 -0.10620976239442825 -0.6791943311691284 2.6806278228759766 -142.36984700182276 -23.75548148579582 -142.67246720066709 0.11180229601450264
0191 -0.10609649866819382 -0.6786899566650391 2.678626537322998 -142.34278771454692 -23.88425208530142 -142.74346494033273 0.10068250703625381
0192 -0.1059424877166748 -0.6780526041984558 2.6759612560272217 -142.34081877332346 -24.096152588338526 -142.87390214294086 0.08947598992381245
0193 -0.1059008538722992 -0.6775489449501038 2.6744227409362793 -142.27026557881922 -24.255779102288532 -143.00350501023598 0.11253573407884687
0194 -0.10566915571689606 -0.6762252449989319 2.6690006256103516 -142.4548734689463 -24.145418665751983 -142.99145954083826 0.11258955206722021
0195 -0.10581498593091965 -0.677047610282898 2.672168254852295 -142.17965019837797 -24.26350342789112 -143.0276920059795 0.1080366000533104
0196 -0.1056845411658287 -0.6763045787811279 2.669224500656128 -142.4134543636544 -24.44057241545765 -143.07953263986352 0.10603068501222879
0197 -0.1057613343000412 -0.6768465042114258 2.6713829040527344 -142.34908708606756 -24.053211332528146 -142.9699751576783 0.08876298903487623
0198 -0.10578865557909012 -0.6768935918807983 2.671553611755371 -142.37273625046703 -24.27749581662225 -142.96344012514777 0.08779729309026152
0199 -0.1057656928896904 -0.6768349409103394 2.6713199615478516 -142.40019962534916 -24.20437359279746 -142.9604902811893 0.09350219403859228
0200 -0.10594387352466583 -0.6776118278503418 2.6745221614837646 -142.4067545239944 -24.32819123735067 -142.93108889225957 0.0967086780583486
0201 -0.10576541721820831 -0.6768115162849426 2.67134165763855 -142.22098664954345 -24.34967536803278 -143.03218439977343 0.10178051993716508
0202 -0.10575573891401291 -0.6764978766441345 2.6702675819396973 -142.29502953335935 -24.107125314401944 -143.02277328647017 0.11457863193936646
0203 -0.10571970790624619 -0.6764049530029297 2.6697890758514404 -141.94484921596865 -24.416024762845204 -143.16999202847717 0.1242822710191831
0204 -0.10573472827672958 -0.6760455369949341 2.6684422492980957 -142.06235420709223 -24.44865723903856 -143.23586113189046 0.12115431891288608
0205 -0.10581234842538834 -0.6767362952232361 2.670985698699951 -141.9182221643403 -24.60271922816866 -143.27370742311876 0.11491543694864959
0206 -0.10580945760011673 -0.6765594482421875 2.670179605484009 -142.1350344598394 -24.48475267613935 -143.21548503172951 0.11573442304506898
0207 -0.10586061328649521 -0.6769996285438538 2.6718668937683105 -142.14768463809145 -24.51260473436255 -143.13368909107635 0.10233740590047091
0208 -0.10585537552833557 -0.6770685315132141 2.672079086303711 -142.2075815815997 -24.502228705383157 -143.0753351842867 0.10755173303186893
0209 -0.10596222430467606 -0.6774040460586548 2.673452615737915 -142.32623662254264 -24.278938123233992 -142.89468667694652 0.11213618505280465
0210 -0.10596839338541031 -0.6776978373527527 2.6745545864105225 -142.37248600957483 -24.278240827850073 -142.81145104309545 0.1103471020469442
0211 -0.10597183555364609 -0.6777036190032959 2.6744797229766846 -142.36336380676414 -24.211807593498197 -142.77558594136295 0.12055576697457582
0212 -0.1060069128870964 -0.6778748035430908 2.675189733505249 -142.42474623666263 -24.30833497673844 -142.75791152318035 0.12524952401872724
0213 -0.10596111416816711 -0.677726149559021 2.674389362335205 -142.24659818404453 -24.13143050874607 -142.85269730590602 0.1125810849480331
0214 -0.10588450729846954 -0.6776118874549866 2.6737608909606934 -142.00918506863573 -24.432573508455118 -143.0365020657747 0.08920115302316844
0215 -0.10584484040737152 -0.6772770881652832 2.6724488735198975 -142.22919282042818 -24.157695930182356 -143.02263128058647 0.12191418500151485
0216 -0.10587957501411438 -0.6775341033935547 2.673518419265747 -142.06141105828286 -23.950048716026433 -143.04236661203035 0.11971473204903305
0217 -0.10592982172966003 -0.6776944994926453 2.6744563579559326 -142.24404560406754 -24.141170383037323 -142.9557764503858 0.11300550296436995
0218 -0.10570799559354782 -0.6769487261772156 2.6713647842407227 -142.260184236504 -24.229643348577046 -142.94005527934522 0.09925917000509799
0219 -0.10586466640233994 -0.6776366829872131 2.6741621494293213 -142.39347021063801 -24.09241930720018 -142.8713133406597 0.10967322799842805
0220 -0.10586971789598465 -0.677677571773529 2.6744110584259033 -142.2961612124209 -24.206306482084372 -142.86712405109287 0.09357012901455164
0221 -0.10588300228118896 -0.6777985095977783 2.675039052963257 -142.43350257010033 -24.316841405839426 -142.92190636511947 0.09125023789238185
0222 -0.10600487887859344 -0.6782859563827515 2.6771905422210693 -142.4346083290832 -24.16564670556135 -142.8932228174929 0.10251540399622172
0223 -0.10596641898155212 -0.6780296564102173 2.676164388656616 -142.45283267633573 -24.40336088599113 -142.9727907998201 0.10624350304715335
0224 -0.10606951266527176 -0.678534984588623 2.6781113147735596 -142.32703443204454 -24.252896558205812 -142.97480087383872 0.10274543194100261
0225 -0.10604488849639893 -0.6784235239028931 2.6777470111846924 -142.3861366779979 -24.172789505431055 -142.96179153217304 0.13000004400964826
0226 -0.1060604378581047 -0.6785447597503662 2.6783273220062256 -142.35127302787686 -24.069074609229634 -142.91022397451502 0.10375314299017191
0227 -0.10603432357311249 -0.6783982515335083 2.677711248397827 -142.35052675357352 -24.15515691798482 -142.92596815698144 0.10104850609786808
0228 -0.10609893500804901 -0.6787357926368713 2.6790781021118164 -142.46845117112525 -24.022121814633447 -142.87374776025098 0.09741007001139224
0229 -0.10595747828483582 -0.6779473423957825 2.675969362258911 -142.1790878573113 -24.062975411259828 -142.8978268843882 0.10770700708962977
0230 -0.10596116632223129 -0.6778607368469238 2.6755831241607666 -142.45265820062676 -24.261567412355934 -142.9004112455157 0.13637041405308992
0231 -0.10590983182191849 -0.67765873670578 2.67476224899292 -142.25901606659784 -24.143831371146376 -142.91546832653833 0.12150059395935386
0232 -0.10585114359855652 -0.677440881729126 2.6738979816436768 -142.35335001769434 -24.364332292344457 -142.94551071747227 0.10148362792097032
0233 -0.1057996153831482 -0.6772208213806152 2.673067569732666 -142.40096185154133 -24.1758688431909 -142.89978858611587 0.09585258702281862
0234 -0.1057952344417572 -0.6771685481071472 2.672856330871582 -142.3871592422882 -24.12183996880196 -142.88025683846948 0.08579840091988444
0235 -0.10571307688951492 -0.6767547130584717 2.6711883544921875 -142.3590483896796 -24.243934450938475 -142.91305025452664 0.10016902396455407
0236 -0.1057979092001915 -0.6771495938301086 2.672621250152588 -142.3514773045904 -24.24641334892098 -142.95449539642746 0.09705034305807203
0237 -0.10590134561061859 -0.6775763034820557 2.674410820007324 -142.3841913878464 -24.00078933876659 -142.8547351973325 0.11934754403773695
0238 -0.10581579804420471 -0.6772298812866211 2.673034429550171 -142.16813099237467 -24.082501964268705 -142.92642295312095 0.1169471429893747
0239 -0.10590632259845734 -0.6775951385498047 2.674492359161377 -142.49485256658156 -24.18536885466643 -142.88621162236345 0.09839672595262527
0240 -0.10586705803871155 -0.6775525212287903 2.67435884475708 -142.2238228547246 -23.994518192516367 -142.90168275209172 0.09778512001503259
0241 -0.10592444241046906 -0.677737295627594 2.675156831741333 -142.49600587987345 -24.262661176208116 -142.85622960610982 0.10957057401537895
0242 -0.10590851306915283 -0.6775299310684204 2.6742379665374756 -142.24956674613117 -24.01550331425865 -142.91731387961124 0.09925300104077905
0243 -0.10589636862277985 -0.6774652004241943 2.674037218093872 -142.3858929698413 -24.398247797784848 -142.92695341111565 0.09648638393264264
0244 -0.10587196052074432 -0.6773138642311096 2.6733744144439697 -142.33831194207997 -24.18487278733568 -142.94847722360942 0.10045139701105654
0245 -0.10590241104364395 -0.6774805188179016 2.6739754676818848 -142.3564137557195 -24.19743837177843 -142.93224897983922 0.10728036297950894
0246 -0.10588060319423676 -0.6774179935455322 2.6736881732940674 -142.33092958829303 -24.152203545273867 -142.9274744842778 0.10393927106633782
0247 -0.10587458312511444 -0.6773820519447327 2.673518419265747 -142.2830668303726 -24.174149588100352 -142.94750572696267 0.10000962298363447
0248 -0.10581372678279877 -0.6771175861358643 2.6724045276641846 -142.29711737688388 -24.236339752475626 -142.97696259489234 0.09463016805239022
0249 -0.10579012334346771 -0.6769527792930603 2.671774387359619 -142.35551503109346 -24.21544828347785 -142.9476420572097 0.09667689097113907
0250 -0.10648860782384872 -0.6777693629264832 2.6755480766296387 -143.1343501886801 -24.057166442900947 -142.68839198681886 0.10163267701864243
0251 -0.11067913472652435 -0.6784678101539612 2.6833999156951904 -143.05372148275904 -24.660664963692547 -143.27407315506414 0.08996183704584837
0252 -0.11602535098791122 -0.6716074347496033 2.6663877964019775 -142.47974338280144 -24.189221668158662 -144.67458163451275 0.10878932802006602
0253 -0.12126736342906952 -0.6569513082504272 2.6213784217834473 -141.15194249872002 -24.311463282965423 -145.51689318936275 0.1062593610258773
0254 -0.12826669216156006 -0.6495960354804993 2.6070332527160645 -140.47982571078674 -24.49726484045403 -146.75552161877746 0.08642935706302524
0255 -0.13620683550834656 -0.6430801153182983 2.5993053913116455 -140.88079173268864 -21.493921301519997 -145.83734773310687 0.09036833001300693
0256 -0.14290042221546173 -0.6355844736099243 2.5857584476470947 -140.14600213403355 -23.075148858247257 -145.86126365853792 0.10856760607566684
0257 -0.15132339298725128 -0.6309714913368225 2.5853536128997803 -141.59702808201683 -23.572440064693524 -147.04349025117253 0.0976268210215494
0258 -0.1579856276512146 -0.6229958534240723 2.5708611011505127 -140.68374841438975 -22.886886834096543 -146.5413660940879 0.08052808197680861
0259 -0.16645178198814392 -0.6195821166038513 2.575108766555786 -140.5718327391446 -22.68164685073721 -146.88100948765808 0.08377897995524108
0260 -0.170888751745224 -0.6046169996261597 2.532447338104248 -140.08833637881207 -22.8254643263531 -147.32034540961544 0.13019921304658055
0261 -0.17965349555015564 -0.6014508008956909 2.5388576984405518 -141.15993067748414 -22.385176877287535 -147.4378098511928 0.09158227103762329
0262 -0.18591243028640747 -0.5924672484397888 2.5216169357299805 -140.11436260091165 -22.092999783538108 -147.52295633666648 0.09576160297729075
0263 -0.1957697868347168 -0.5922785997390747 2.5414531230926514 -141.64565516855117 -21.04939032578195 -146.57902405052582 0.09292718907818198
0264 -0.20162184536457062 -0.5787786841392517 2.5025036334991455 -140.60257618277785 -21.660207862636835 -146.50800051971888 0.11642106098588556
0265 -0.20963719487190247 -0.5753132700920105 2.506495237350464 -141.16457636851973 -21.607429159880255 -146.69864799517333 0.11374707706272602
0266 -0.21564626693725586 -0.564553439617157 2.4800446033477783 -141.03880007047715 -23.267138372103194 -147.16243721061946 0.12206873297691345
0267 -0.223141148686409 -0.5573294758796692 2.4694082736968994 -141.61490811962855 -22.287737073837793 -146.58481200043872 0.11020770797040313
0268 -0.23049412667751312 -0.5497565269470215 2.4576940536499023 -141.42330677846238 -21.1887098741849 -146.460305377476 0.10459795990027487
0269 -0.23890937864780426 -0.5450124740600586 2.459494113922119 -142.69037852736426 -21.146311754112908 -145.75571618602189 0.10849238594528288
0270 -0.2449302077293396 -0.536562442779541 2.4422836303710938 -141.97412314492468 -21.755430323001324 -145.74379110569836 0.10983900597784668
0271 -0.25328752398490906 -0.5336105823516846 2.448735475540161 -142.10938871584554 -22.48960919364587 -146.2218278236158 0.10509302606806159
0272 -0.2583228647708893 -0.5361555814743042 2.4685425758361816 -144.77974911832024 -21.511116669895593 -144.68656968216638 0.10856788500677794
0273 -0.2590216100215912 -0.5352861881256104 2.4664690494537354 -143.86423011414965 -22.202152654669852 -144.26806688280186 0.09183275210671127
0274 -0.2586345672607422 -0.5345553755760193 2.4622442722320557 -144.0400159234468 -21.604145005813518 -144.45396125851522 0.11073042801581323
0275 -0.25909915566444397 -0.5344743728637695 2.4639294147491455 -143.86225251234717 -22.890620799508618 -144.94159861085618 0.11067869001999497
0276 -0.258335143327713 -0.5335820913314819 2.4585623741149902 -143.67538296674383 -22.295059344476165 -145.08522086142997 0.12765855295583606
0277 -0.2586705982685089 -0.5338596105575562 2.460360050201416 -143.692886538971 -23.080890893525737 -145.36740945227908 0.11410692194476724
0278 -0.2583204507827759 -0.5332772731781006 2.4572863578796387 -143.40918253094304 -22.90830306234726 -145.68005416823777 0.1038857219973579
0279 -0.2587396800518036 -0.5339810252189636 2.46083927154541 -143.6526282484698 -22.86306321765582 -145.586241588564 0.10005865897983313
0280 -0.2584701180458069 -0.5335115194320679 2.4585602283477783 -143.41604809964608 -23.039760521218906 -145.68359149469484 0.11036806693300605
0281 -0.25837376713752747 -0.5334317684173584 2.458102226257324 -143.49082098489902 -22.920300190585156 -145.6615473168787 0.09779111400712281
0282 -0.2583613097667694 -0.5332367420196533 2.457404136657715 -143.30200129885097 -22.947465475453 -145.7719971138341 0.11797371099237353
0283 -0.2585001289844513 -0.5335865616798401 2.45879864692688 -143.4874459732133 -22.848188863229957 -145.70983733664366 0.09781925997231156
0284 -0.25865721702575684 -0.5336763858795166 2.4593183994293213 -143.3051960572223 -23.150824145659833 -145.8398284188561 0.13402629597112536
0285 -0.25830456614494324 -0.5332322120666504 2.4569733142852783 -143.31237774503109 -23.036904848357416 -145.9028270623869 0.11268558504525572
0286 -0.2587246894836426 -0.5338298678398132 2.460097312927246 -143.37167951834175 -22.86098841390751 -145.82765871726556 0.1282093400368467
0287 -0.25856953859329224 -0.5334956049919128 2.4584500789642334 -143.44693271489518 -23.177405967153895 -145.76503293684826 0.08412144205067307
0288 -0.25828009843826294 -0.533107340335846 2.456286668777466 -143.18855542374072 -23.291614286486663 -146.01229730425015 0.12404977495316416
0289 -0.2579772472381592 -0.5323662161827087 2.4529645442962646 -143.50188180560218 -23.752350204657137 -146.12019873436535 0.1169026989955455
0290 -0.25809916853904724 -0.5325775146484375 2.4537317752838135 -143.02358382869593 -23.968061520698203 -146.47043211944413 0.12754996307194233
0291 -0.25837427377700806 -0.5332776308059692 2.456820249557495 -143.5370917934968 -24.01875423611317 -146.37808806983506 0.11177619895897806
0292 -0.25850456953048706 -0.5334036946296692 2.4576451778411865 -143.0002175187365 -24.194290461778785 -146.61160109310214 0.11369534698314965
0293 -0.2582909166812897 -0.5332145690917969 2.4564554691314697 -143.4071150387102 -23.978494656180423 -146.50751557315152 0.08637611102312803
0294 -0.2585984468460083 -0.5335537791252136 2.458538770675659 -143.0653499521273 -24.213158935006582 -146.60727969985223 0.12166672805324197
0295 -0.2583373188972473 -0.5333486795425415 2.4568862915039062 -143.32419612955218 -24.144393708976292 -146.55539729670014 0.1276702940231189
0296 -0.25851333141326904 -0.5335281491279602 2.4582958221435547 -143.0309248782101 -24.023209553620074 -146.62407177052293 0.09014775801915675
0297 -0.2584914267063141 -0.533620297908783 2.458533763885498 -143.5190620389608 -23.63976032404661 -146.29772991243175 0.10603237000759691
0298 -0.25839436054229736 -0.5331093668937683 2.4568302631378174 -142.9937866213019 -24.06249489588077 -146.4784036346865 0.11370201304089278
0299 -0.2585774064064026 -0.5337485074996948 2.4592602252960205 -143.5611067088469 -23.36746631581062 -146.16850584429966 0.1297027450054884
0300 -0.25840479135513306 -0.5330279469490051 2.4567952156066895 -143.1375160458027 -23.82937259561911 -146.21198753484506 0.116652149008587
0301 -0.2585672438144684 -0.5336101055145264 2.4592301845550537 -143.66302467565086 -22.569623443192885 -145.75997375360453 0.13571984495501965
0302 -0.25876137614250183 -0.533556342124939 2.4600024223327637 -143.68397518741244 -22.789335402706918 -145.38672071419109 0.10496698191855103
0303 -0.2581639587879181 -0.5327497124671936 2.4553513526916504 -143.45402157831745 -22.975165233177194 -145.5811093785586 0.10703725798521191
0304 -0.25819629430770874 -0.5327785611152649 2.455317735671997 -143.5511279183042 -22.903284326799632 -145.6630878629723 0.10753955692052841
0305 -0.25788456201553345 -0.5322086215019226 2.4526708126068115 -143.4009486102745 -23.08978174951575 -145.8196284699913 0.09417623491026461
0306 -0.257852166891098 -0.5320835709571838 2.452227830886841 -143.47442728375677 -23.185471188143566 -145.86532325019434 0.12413142703007907
0307 -0.25745689868927 -0.5314299464225769 2.4490280151367188 -143.0777214470756 -23.30357718356497 -146.10782431430903 0.11444844002835453
0308 -0.2574118673801422 -0.5313780307769775 2.448491096496582 -143.30605227892954 -23.542920844967796 -146.2012111643135 0.09352309198584408
0309 -0.25732120871543884 -0.5313205718994141 2.4479920864105225 -142.9496004151142 -23.499886266395052 -146.3726589058509 0.11359123303554952
0310 -0.25749436020851135 -0.5315877199172974 2.449446201324463 -143.1872154155558 -23.391909287177462 -146.2620963681829 0.10828147898428142
0311 -0.25765034556388855 -0.5318400859832764 2.4508469104766846 -143.282708248239 -23.570077687865414 -146.20991672323896 0.10837397794239223
0312 -0.25744661688804626 -0.5315383672714233 2.4489645957946777 -143.01844223722824 -23.716280835272094 -146.44615023459684 0.1250678279902786
0313 -0.2576732337474823 -0.5319513082504272 2.4511988162994385 -143.23261537838897 -23.449934382893264 -146.26553407651286 0.11586226196959615
0314 -0.2578267753124237 -0.5321910381317139 2.452423334121704 -143.29983905451937 -23.586483516554946 -146.15750668970267 0.11636364599689841
0315 -0.2574799060821533 -0.5315693616867065 2.4493796825408936 -143.02305102580283 -23.746420932878717 -146.38612476601037 0.12769857491366565
0316 -0.25769591331481934 -0.5320723056793213 2.4517199993133545 -143.16003064054576 -23.66804685082082 -146.34901973523054 0.12470405991189182
0317 -0.2575533986091614 -0.5318373441696167 2.450685739517212 -142.9039993404835 -23.867552238860085 -146.48634494110405 0.10777165996842086
0318 -0.2574770748615265 -0.5317161679267883 2.449892044067383 -143.00031562653982 -23.800583649895284 -146.50504003375934 0.13328534900210798
0319 -0.25733479857444763 -0.5313132405281067 2.4482884407043457 -142.83457806035344 -23.973080270884264 -146.58706264784567 0.10987258690875024
0320 -0.2572471797466278 -0.5312279462814331 2.4477579593658447 -142.8298512497152 -23.63119995010664 -146.54473904681947 0.1272977499756962
0321 -0.257425993680954 -0.531434953212738 2.4489965438842773 -142.93763626230904 -23.836050932153626 -146.5049815334703 0.10115049302112311
0322 -0.257412314414978 -0.5316280126571655 2.449542760848999 -142.94779735391447 -23.581500526699855 -146.4335761341221 0.08282904897350818
0323 -0.25783640146255493 -0.5323246717453003 2.452873468399048 -143.13936532727857 -23.689939951603705 -146.31742314282522 0.10703686298802495
0324 -0.25761905312538147 -0.5320674180984497 2.4513862133026123 -142.925905883951 -23.89966352258678 -146.45414389146435 0.11053675995208323
0325 -0.25752878189086914 -0.5318530797958374 2.4502949714660645 -142.7437513322493 -24.053462879966336 -146.6655854601114 0.10287005791906267
0326 -0.25752681493759155 -0.5317999720573425 2.450066328048706 -142.80218369148244 -23.93404089047292 -146.66190225188606 0.12715829396620393
0327 -0.257586270570755 -0.5319662094116211 2.4507670402526855 -142.78800157658503 -24.005890419919734 -146.6501059276875 0.12113659200258553
0328 -0.25735077261924744 -0.5314512848854065 2.448518991470337 -142.62510150244435 -24.058739121483768 -146.72781289980466 0.12308716704137623
0329 -0.25725406408309937 -0.5312690734863281 2.4475860595703125 -142.72764807707443 -24.12870874007623 -146.77715177740595 0.10764056793414056
0330 -0.2573049068450928 -0.5313880443572998 2.448153018951416 -142.77854414095046 -24.16751345220932 -146.8189948948665 0.09137857402674854
0331 -0.257406085729599 -0.5316200852394104 2.4492199420928955 -142.90001129441055 -24.200576083473248 -146.8040958674 0.11404241307172924
0332 -0.2575385570526123 -0.5318684577941895 2.4504613876342773 -142.8448503001126 -24.12927997812591 -146.79906440148756 0.1372016390087083
0333 -0.25759443640708923 -0.5319555401802063 2.4508957862854004 -142.9731022235289 -24.092479664078873 -146.7014840771012 0.09198819799348712
0334 -0.2575761079788208 -0.5319103598594666 2.450734853744507 -142.84195842774392 -24.02974943225491 -146.7160037037035 0.10645252699032426
0335 -0.2576823830604553 -0.5321274399757385 2.451693296432495 -143.02720550339274 -23.973439613310504 -146.63013065030492 0.10636144108138978
0336 -0.2578021287918091 -0.532386839389801 2.4528770446777344 -142.99936946040353 -23.91932764222743 -146.56591802222127 0.09325523197185248
0337 -0.25763624906539917 -0.532040536403656 2.4513630867004395 -142.92242148336814 -23.980961965051634 -146.63121609341144 0.13088368205353618
0338 -0.257636696100235 -0.5320990085601807 2.4515011310577393 -142.94680660577518 -24.02135791924978 -146.65911798149332 0.10791321797296405
0339 -0.2576468288898468 -0.5320897102355957 2.451486110687256 -142.98843420090859 -23.90307756008883 -146.57751752631341 0.0891098539577797
0340 -0.25769686698913574 -0.532150387763977 2.4518792629241943 -142.9645089276623 -23.92945636555258 -146.5873243744759 0.11619732598774135
0341 -0.25775137543678284 -0.5322753190994263 2.4524312019348145 -143.02127955721812 -23.904000623920773 -146.5504577578692 0.11820225801784545
0342 -0.2577130198478699 -0.5321634411811829 2.4519832134246826 -142.94957241694192 -23.807633585794893 -146.5086264976765 0.1144687170162797
0343 -0.2577608823776245 -0.5322639346122742 2.4522759914398193 -143.067790675177 -23.9080572607438 -146.47307723736668 0.11354180204216391
0344 -0.25767824053764343 -0.5321081280708313 2.451629877090454 -142.89569407297128 -24.141972935083203 -146.63904206629113 0.12061042001005262
0345 -0.2575284242630005 -0.5318435430526733 2.4502947330474854 -142.89585165767193 -23.867011048000823 -146.60239440098724 0.10008878202643245
0346 -0.2577061057090759 -0.5288335084915161 2.440723419189453 -142.6656209030168 -23.839866712528618 -146.67749409402003 0.08705846907105297
0347 -0.2602306306362152 -0.5204440951347351 2.4157588481903076 -143.145015247612 -23.02090501158709 -146.29260184378847 0.11444915307220072
0348 -0.2653799057006836 -0.5124806761741638 2.3991897106170654 -142.53825696379047 -23.748687224381985 -145.6448660781786 0.1314370040781796
0349 -0.2727579176425934 -0.5067799091339111 2.3938546180725098 -144.19151983708565 -24.979569887155485 -145.60165390307824 0.11315287405159324
0350 -0.27700895071029663 -0.4977826774120331 2.36946702003479 -142.57268218530086 -23.98601139949056 -145.16113330916946 0.08499710401520133
0351 -0.2818865478038788 -0.4863238036632538 2.3364474773406982 -142.89538483572446 -24.439934634519435 -145.24262697560616 0.08298489497974515
0352 -0.29436877369880676 -0.4910280108451843 2.3819143772125244 -144.55536803185294 -22.4248572744959 -143.16865930154785 0.09047175291925669
0353 -0.29736167192459106 -0.4791058897972107 2.3459694385528564 -143.58151163344863 -23.47725236257364 -142.37208812722372 0.09664528595749289
0354 -0.30849602818489075 -0.4773803651332855 2.3612380027770996 -147.88484695782756 -24.880593226830154 -141.29304863825809 0.09757896198425442
0355 -0.31634294986724854 -0.4753149151802063 2.3663692474365234 -147.04044074989378 -23.360474729755683 -139.21035318504246 0.11412532394751906
0356 -0.32536157965660095 -0.46994102001190186 2.3641655445098877 -148.2866669010212 -24.20378387683701 -138.36485962234357 0.10190841497387737
0357 -0.33295515179634094 -0.46526312828063965 2.360684394836426 -146.66056259542384 -25.285588400112687 -138.00622521524994 0.09743497893214226
0358 -0.3382904827594757 -0.4563439190387726 2.33792781829834 -147.6393948476066 -26.072254284295603 -137.92193581487876 0.11441282101441175
0359 -0.3444722592830658 -0.44803494215011597 2.316802501678467 -146.39146924324467 -25.741852300070505 -138.03750663424708 0.09757503704167902
0360 -0.35191625356674194 -0.44078803062438965 2.3035473823547363 -145.7556542223846 -26.063117146841368 -137.99908364554713 0.09426569403149188
0361 -0.3620762228965759 -0.43806201219558716 2.3092477321624756 -147.32293875364746 -25.859203596441205 -137.4596810984561 0.10086952499113977
0362 -0.37569934129714966 -0.4389215409755707 2.3356642723083496 -148.41890572147312 -25.15334212225436 -135.65404001728672 0.10787914390675724
0363 -0.39241263270378113 -0.4422079920768738 2.3760228157043457 -147.78349560510765 -23.886128968215516 -135.15651061045455 0.09235834598075598
0364 -0.3943794071674347 -0.43081924319267273 2.335514545440674 -147.75037726115085 -25.408908193807 -134.4037768641129 0.12018841097597033
0365 -0.4081217348575592 -0.429292768239975 2.3538331985473633 -150.37196791337493 -25.256633576498498 -133.3307551090625 0.10867215704638511
0366 -0.41399291157722473 -0.42183804512023926 2.3349857330322266 -151.30125982272654 -26.21684466541963 -131.7453095817334 0.11992049298714846
0367 -0.41607657074928284 -0.4128727912902832 2.305727958679199 -151.35675875288044 -28.569428464056394 -131.4233059524908 0.10636257904116064
0368 -0.41724205017089844 -0.41256794333457947 2.3046820163726807 -153.87509911223188 -29.017502898522878 -131.2426434376205 0.11027692502830178
0369 -0.4181847870349884 -0.412947416305542 2.307777166366577 -153.85338488836584 -28.669605798628584 -130.66134013824455 0.10559374804142863
0370 -0.41871151328086853 -0.41311636567115784 2.3093981742858887 -154.38493504316102 -28.25807738522383 -130.2516008961865 0.10745545604731888
0371 -0.41816243529319763 -0.4125344455242157 2.306535482406616 -154.0337439533452 -28.43687781993458 -130.37029475902511 0.1111980089917779
0372 -0.4178294539451599 -0.4121132493019104 2.3047375679016113 -153.7637417759477 -28.67640590928329 -130.81163937498295 0.09877418901305646
0373 -0.4185273051261902 -0.4129413962364197 2.3084049224853516 -153.8743158008085 -28.321938035375176 -130.68918956663086 0.11238244094420224
0374 -0.41882169246673584 -0.41302475333213806 2.3097851276397705 -153.8798166003145 -27.885352186006884 -130.57920658844856 0.11790209996979684
0375 -0.41847896575927734 -0.4125715494155884 2.308016061782837 -153.75706769422595 -28.395572184479207 -130.7149820319765 0.11792477394919842
0376 -0.41908612847328186 -0.41324490308761597 2.3107290267944336 -153.79687622007674 -28.220501596965292 -130.73183894726424 0.12204081402160227
0377 -0.41893625259399414 -0.41305041313171387 2.3100714683532715 -153.72167256082466 -28.36816845682899 -130.75787006481892 0.10740580793935806
0378 -0.41900360584259033 -0.4130890369415283 2.3102385997772217 -154.07124013736663 -28.2887998816473 -130.63659124196184 0.10402667906600982
0379 -0.4184872508049011 -0.41271448135375977 2.307169198989868 -153.68138413248226 -28.19563500498374 -130.63551684302664 0.11583193496335298
0380 -0.4182601869106293 -0.4125603139400482 2.306074857711792 -153.95228923936347 -28.048333438478853 -130.58238569382254 0.08177209389396012
0381 -0.41871222853660583 -0.4129118025302887 2.308361291885376 -153.954112174669 -28.072450940078454 -130.48673146072866 0.1080566510790959
0382 -0.418321818113327 -0.41258305311203003 2.306201696395874 -153.84056914000817 -28.37444364413525 -130.6294724198464 0.1124394090147689
0383 -0.4188431203365326 -0.4131258428096771 2.309147357940674 -154.20473039504571 -28.122263050370645 -130.48027322306808 0.1157250409014523
0384 -0.4187156558036804 -0.4128932058811188 2.3082220554351807 -154.0639202751729 -28.027551738794706 -130.42168899078877 0.12127133109606802
0385 -0.41832512617111206 -0.41258588433265686 2.3063323497772217 -153.63010677756048 -28.08419748498525 -130.62945719048864 0.10755932598840445
0386 -0.41860607266426086 -0.4128510653972626 2.308002471923828 -153.80602171012524 -27.929459742080006 -130.62310032669586 0.11284092091955245
0387 -0.4184083342552185 -0.412636399269104 2.307014226913452 -153.7752875828693 -27.77247438717429 -130.61386696786192 0.09647190698888153
0388 -0.41794025897979736 -0.4121427536010742 2.304326295852661 -153.67717253854735 -27.816078258130496 -130.62272571495632 0.12425168603658676
0389 -0.4177247881889343 -0.4119323790073395 2.3031418323516846 -153.70451221891014 -27.76686781617942 -130.67637097847958 0.11825431894976646
0390 -0.41761451959609985 -0.4118375778198242 2.3025925159454346 -153.78386873957888 -27.88169414249137 -130.58263110855626 0.1039782139705494
0391 -0.41778743267059326 -0.4120188355445862 2.303863048553467 -153.94956404075836 -28.10116965245995 -130.5288314870991 0.10956878797151148
0392 -0.4180195927619934 -0.4123214781284332 2.30550217628479 -154.27911661987588 -28.144462025756795 -130.37720338391728 0.11664377001579851
0393 -0.4178924858570099 -0.41214561462402344 2.304622173309326 -154.06138319318424 -28.24106158693635 -130.37714749376502 0.11719608900602907
0394 -0.41778215765953064 -0.41214457154273987 2.304265022277832 -154.129235658724 -28.489152670732267 -130.45892903637002 0.10901552101131529
0395 -0.4185161590576172 -0.4128292202949524 2.3079636096954346 -154.05965264764902 -28.09769150621256 -130.44962874487229 0.12717021093703806
0396 -0.4180779457092285 -0.41243600845336914 2.3057711124420166 -153.9381627059497 -28.206632560062467 -130.4052920060657 0.08824245899450034
0397 -0.4180181324481964 -0.41244372725486755 2.3056106567382812 -154.0721286233531 -28.021391196627192 -130.39334739677162 0.09939969494007528
0398 -0.4178887903690338 -0.41227197647094727 2.3048086166381836 -154.1114349946729 -28.077713088012786 -130.3259922049707 0.1240774029865861
0399 -0.4176986813545227 -0.41205739974975586 2.3037939071655273 -154.3633734523429 -28.16666374878705 -130.25563676956756 0.10032514296472073
0400 -0.41800209879875183 -0.41233402490615845 2.3052902221679688 -154.20027999319177 -27.971786133181325 -130.22283461643542 0.10437366599217057
0401 -0.41769829392433167 -0.41199925541877747 2.3036110401153564 -154.31192149283078 -28.11684707084549 -130.2330504720696 0.11668523494154215
0402 -0.41754692792892456 -0.41185787320137024 2.302797794342041 -154.324037314012 -28.188794716842875 -130.2887889308115 0.0961583920288831
0403 -0.4177626073360443 -0.4120672345161438 2.3039164543151855 -154.36137989058096 -28.095218066972972 -130.24353619791896 0.10732942703180015
0404 -0.4172528088092804 -0.4115774631500244 2.3012425899505615 -154.22887856013986 -28.257207421544255 -130.2787366320863 0.08271622902248055
0405 -0.41739094257354736 -0.4117233157157898 2.3020179271698 -154.47161998520676 -28.105275426619652 -130.23358191704153 0.0869365349644795
0406 -0.41710951924324036 -0.41137754917144775 2.300436019897461 -154.00503303062317 -28.088828617860223 -130.32113557057482 0.10342666308861226
0407 -0.41669121384620667 -0.4110490679740906 2.298353672027588 -154.11252935106273 -28.1859422090047 -130.44033843119263 0.0890681849559769
0408 -0.4176662862300873 -0.4118787944316864 2.3033547401428223 -154.4372819044963 -27.88451243864311 -130.25955949918867 0.13523104297928512
0409 -0.4174171984195709 -0.4116130769252777 2.3020777702331543 -154.06102404596174 -27.926001898384506 -130.2527510874383 0.08077207603491843
0410 -0.41748249530792236 -0.41181832551956177 2.3028881549835205 -154.42572653464725 -28.157962061999374 -130.19552012844574 0.08733631705399603
0411 -0.41811639070510864 -0.4123774468898773 2.305882215499878 -154.5673157596204 -28.002812808087636 -130.07278829007336 0.10549124598037452
0412 -0.4178648293018341 -0.4120601713657379 2.30444598197937 -154.42702533767314 -28.18349993051397 -130.11714595258613 0.10397387901321054
0413 -0.41778475046157837 -0.4119904637336731 2.303891181945801 -154.53487848870105 -28.16362550940855 -130.15687931116355 0.12695956300012767
0414 -0.4181247651576996 -0.4122735559940338 2.3058290481567383 -154.69349518273097 -28.21724139335804 -130.0230307348503 0.1060342820128426
0415 -0.4180552363395691 -0.412183552980423 2.3052244186401367 -154.5921863282637 -28.010546447229125 -130.10418889868419 0.10835030907765031
0416 -0.41765859723091125 -0.41185784339904785 2.303354263305664 -154.39047821019233 -28.295097724305187 -130.1538515193423 0.09425765310879797
0417 -0.41811811923980713 -0.41223618388175964 2.3056185245513916 -154.80554776665332 -28.150547576098294 -130.11544270184467 0.1070679179392755
0418 -0.41817447543144226 -0.4122212529182434 2.3058502674102783 -154.51897128573196 -27.919327987770874 -130.05264919529864 0.11438336991705
0419 -0.4177064895629883 -0.4118529260158539 2.3035635948181152 -154.4069047275792 -28.34804322409402 -130.19894023074178 0.13142915605567396
0420 -0.42212367057800293 -0.41330182552337646 2.313678741455078 -154.62829456226498 -26.88725756395446 -131.41669499685247 0.08656307309865952
0421 -0.4272255003452301 -0.41347870230674744 2.321812152862549 -153.24607791835754 -25.56571740751118 -133.5313060532696 0.11733064299914986
0422 -0.43162715435028076 -0.41179564595222473 2.320885181427002 -150.18405865615296 -25.371595271428436 -137.99975164525762 0.1065444559790194
0423 -0.42921748757362366 -0.40466800332069397 2.2874886989593506 -147.22367221646147 -25.682531901432093 -143.1662848631648 0.09659095492679626
0424 -0.42400291562080383 -0.395342081785202 2.2430238723754883 -144.5557928554749 -22.371959966610717 -147.24790973751874 0.08732339704874903
0425 -0.4249480664730072 -0.3909907937049866 2.229241132736206 -143.52972969754583 -20.332361713701754 -150.85286490196097 0.10687352297827601
0426 -0.4300830364227295 -0.3869006037712097 2.2249653339385986 -143.05867989916567 -17.30212000435036 -150.64624203123506 0.10074011201504618
0427 -0.4393925368785858 -0.3868045210838318 2.2491226196289062 -145.3856061791922 -15.0301901920464 -148.40920751910954 0.10276831907685846
0428 -0.44310522079467773 -0.3826672434806824 2.245435953140259 -143.34410278086605 -17.40466157777979 -146.93420640706375 0.11385311803314835
0429 -0.4492121934890747 -0.38150492310523987 2.2566940784454346 -146.2500330449899 -21.739900507446933 -147.5262164373352 0.125910906936042
0430 -0.4502151310443878 -0.37640392780303955 2.246628761291504 -145.96520209149722 -21.27714112933384 -145.0449911173545 0.1049260119907558
0431 -0.45539483428001404 -0.3723321557044983 2.243927240371704 -146.39314309969308 -23.522567607149124 -145.10396395878058 0.10735835100058466
0432 -0.45784321427345276 -0.3667221665382385 2.2285842895507812 -146.4068679441549 -24.56436172648776 -143.90330611022944 0.1045947689563036
0433 -0.46563005447387695 -0.36238014698028564 2.2306716442108154 -146.72909102188905 -24.12285877029216 -142.44190472632994 0.10893223597668111
0434 -0.4656752049922943 -0.35398611426353455 2.2043566703796387 -147.38907467917977 -26.700428701649972 -140.6318209046747 0.09641877410467714
0435 -0.4799366891384125 -0.3533689081668854 2.2295968532562256 -149.99926145952827 -23.91784782250878 -138.35628197950783 0.12179138499777764
0436 -0.48256075382232666 -0.34624388813972473 2.211901903152466 -148.82237432851775 -25.772004585633844 -136.86692464107966 0.11408656905405223
0437 -0.49526312947273254 -0.34354421496391296 2.222470283508301 -150.46689832549416 -24.175250504031002 -136.5483779621251 0.11170841695275158
0438 -0.50600665807724 -0.34111180901527405 2.2339205741882324 -150.87123951480729 -22.60403129087163 -133.93851148567936 0.10314129502512515
0439 -0.5079753398895264 -0.3307704031467438 2.1992287635803223 -153.0450373847397 -28.52676386159857 -133.7391396352443 0.08326582703739405
0440 -0.5144100785255432 -0.3238271176815033 2.1837499141693115 -152.11929010149572 -26.542506216767702 -134.37882691173752 0.09773510799277574
0441 -0.5308021903038025 -0.3240830898284912 2.2153191566467285 -153.02971749501947 -27.118768135134296 -133.0086300347323 0.11909035593271255
0442 -0.5391895174980164 -0.31895682215690613 2.2124321460723877 -154.22679323010598 -26.370220958279862 -131.12225215415006 0.11710979300551116
0443 -0.5472332835197449 -0.3157482445240021 2.215789318084717 -156.28730584089124 -27.7701744747337 -128.44397207855974 0.08460742188617587
0444 -0.5505521297454834 -0.308811217546463 2.1929965019226074 -159.01220220747024 -28.553230699371422 -125.61021641687603 0.10979388607665896
0445 -0.5580060482025146 -0.3076063096523285 2.2012946605682373 -158.864335272424 -28.101618916381483 -123.4104382342272 0.1004640239989385
0446 -0.5578099489212036 -0.3001475930213928 2.174175977706909 -162.98632471936418 -31.038184538531066 -120.15997659273613 0.10405818000435829
0447 -0.5622615814208984 -0.29831334948539734 2.1697723865509033 -164.5787893165563 -33.56194108202657 -118.139590168211 0.0895617880159989
0448 -0.5644210577011108 -0.29638367891311646 2.1643614768981934 -165.4895679475875 -32.35686950546093 -117.24012650981119 0.10403808497358114
0449 -0.5687893033027649 -0.29804256558418274 2.178043842315674 -167.7666967930385 -31.61277044319026 -115.6021819007721 0.10801290394738317
0450 -0.5666691660881042 -0.2968989312648773 2.16984486579895 -164.39982444568878 -30.249825262377463 -116.66170151914558 0.12045467994175851
0451 -0.5675909519195557 -0.29669955372810364 2.1708202362060547 -170.00090803127003 -33.9911961393579 -113.86990596137643 0.10062932397704571
0452 -0.5653530359268188 -0.2957361042499542 2.1633548736572266 -162.3701382487711 -30.042710389191733 -117.90233024932311 0.11448033701162785
0453 -0.5679348707199097 -0.296552449464798 2.1707522869110107 -169.76679766978793 -34.42342702132675 -114.10074322587944 0.08294114901218563
0454 -0.5651561617851257 -0.2957129180431366 2.1629390716552734 -162.64994275899187 -29.864423842523976 -117.83201566291909 0.09576696099247783
0455 -0.5678465962409973 -0.2965400815010071 2.1704466342926025 -169.75627634058455 -34.21172994531483 -114.11137428547494 0.09709798300173134
0456 -0.5652565956115723 -0.2957236170768738 2.162998676300049 -164.07097978337754 -30.293769839759744 -116.92561591735868 0.08879205700941384
0457 -0.5664332509040833 -0.29607996344566345 2.1662817001342773 -168.94338733908296 -33.175367441776636 -114.60702545773074 0.11248909600544721
0458 -0.5647991299629211 -0.29557856917381287 2.161499261856079 -163.97714055441406 -30.211083728067877 -117.00076116627058 0.11896707094274461
0459 -0.5665324330329895 -0.296090304851532 2.1665902137756348 -169.02176552677577 -33.239470406144676 -114.55384200337507 0.13108898396603763
0460 -0.5646520853042603 -0.29549047350883484 2.1610238552093506 -164.0419053115035 -30.52520584468324 -117.00692735922524 0.12987661093939096
0461 -0.5663180351257324 -0.2959762513637543 2.1659276485443115 -169.11847868298207 -33.16848268057524 -114.61196801488316 0.10008317697793245
0462 -0.5646054744720459 -0.2954651713371277 2.160346746444702 -163.85024446633682 -30.686080926261713 -117.09729038578251 0.10837875795550644
0463 -0.5661105513572693 -0.29578953981399536 2.1647748947143555 -169.62348848152155 -33.622291181864306 -114.3881268172624 0.09674835309851915
0464 -0.5655858516693115 -0.29592233896255493 2.1638097763061523 -164.04084037821318 -30.593515196282077 -116.98973146673549 0.10257931996602565
0465 -0.5658955574035645 -0.2956443130970001 2.1638684272766113 -169.3902352281105 -33.80444502009125 -114.52111304334373 0.10385201196186244
0466 -0.5660095810890198 -0.2960362732410431 2.1651456356048584 -163.86722863048075 -30.629099825827897 -117.23352417293299 0.10908033000305295
0467 -0.5663087964057922 -0.2958449125289917 2.165487051010132 -168.9735636180364 -33.58778928532852 -114.82335310560646 0.1261563110165298
0468 -0.5654866695404053 -0.29574912786483765 2.1629562377929688 -164.02965740014992 -31.095366574236614 -117.16288753051525 0.110425402992405
0469 -0.5661537647247314 -0.2958392798900604 2.1655049324035645 -168.34820008890358 -33.50705334423889 -115.15068118086276 0.10114479495678097
0470 -0.5655397176742554 -0.2958986163139343 2.1640231609344482 -164.07533767105394 -31.361579377698565 -117.19135805515829 0.07884948304854333
0471 -0.5668395161628723 -0.29619288444519043 2.1682024002075195 -168.6428649419853 -33.42049108839934 -115.06224814619016 0.10652661300264299
0472 -0.566278874874115 -0.2962920069694519 2.1667912006378174 -164.21104918164934 -31.31373134749743 -117.04446438517789 0.11370603297837079
0473 -0.5668159127235413 -0.29619327187538147 2.1681416034698486 -168.66374577347557 -33.40261462799199 -114.95075251997002 0.09721903596073389
0474 -0.5658152103424072 -0.2960749566555023 2.165235757827759 -163.67018065331575 -30.865017949989667 -117.278249667389 0.10278244700748473
0475 -0.5674630999565125 -0.2964135408401489 2.1701838970184326 -168.5854999027464 -32.87716345889915 -114.90305719932249 0.10072691994719207
0476 -0.5649896860122681 -0.29566940665245056 2.162478446960449 -163.48150264531344 -30.67393377973559 -117.2361534998227 0.11734499398153275
0477 -0.5676460266113281 -0.2965163290500641 2.1706459522247314 -168.70955699277528 -33.124706507692224 -114.6755652257295 0.10912133008241653
0478 -0.5647589564323425 -0.2955639362335205 2.1613802909851074 -163.2905015094067 -30.649671853752526 -117.42886739517348 0.08427574101369828
0479 -0.5673513412475586 -0.296413779258728 2.169624090194702 -168.60570507362758 -33.233136716083855 -114.73863051538376 0.09757090802304447
0480 -0.564362645149231 -0.2954290807247162 2.160147190093994 -162.80166627012593 -30.8199616883823 -117.71594790057709 0.12529924302361906
0481 -0.5673360228538513 -0.2963647246360779 2.16929292678833 -168.5428433143402 -33.41294327427801 -114.82518090544627 0.11187285999767482
0482 -0.5644885897636414 -0.29542508721351624 2.1600301265716553 -162.94054768412363 -31.018035883122025 -117.68058650667314 0.08054402889683843
0483 -0.5671830177307129 -0.29637280106544495 2.168973684310913 -168.16237317119254 -33.2668963474161 -115.09130603810827 0.08963273209519684
0484 -0.5644006133079529 -0.29538434743881226 2.1596198081970215 -162.87965995933735 -31.006578704148755 -117.68565674249574 0.09975390008185059
0485 -0.5673393607139587 -0.29646047949790955 2.16939640045166 -168.22490507508334 -33.22722609590554 -115.06238555245235 0.10046902298927307
0486 -0.5646514892578125 -0.2955659031867981 2.160594940185547 -163.25811721460207 -31.406612143169546 -117.42931368988336 0.11620071099605411
0487 -0.5660434365272522 -0.2959100902080536 2.1649129390716553 -167.52129612330597 -33.22543052168845 -115.40915019896015 0.10960347205400467
0488 -0.5640591382980347 -0.2953442633152008 2.1585748195648193 -163.07402694022474 -31.894946214287835 -117.56926626699168 0.08286414400208741
0489 -0.5664088129997253 -0.296134889125824 2.1666972637176514 -168.0170842159665 -33.19845513450093 -115.20405984007466 0.10117974900640547
0490 -0.5646967887878418 -0.2956721782684326 2.161174774169922 -163.5177138610986 -31.406987905353624 -117.25348165171717 0.08656712889205664
0491 -0.5670077800750732 -0.2964516282081604 2.1688332557678223 -167.75496304239124 -32.79830814460477 -115.35614590469633 0.1160860670497641
0492 -0.5644882321357727 -0.2955351769924164 2.160512924194336 -163.8938235905021 -31.533611757407467 -117.07009097604286 0.10042882000561804
0493 -0.5660423636436462 -0.2959316074848175 2.165217399597168 -167.49356852794128 -32.89680575268485 -115.50393482330111 0.1122240760596469
0494 -0.5641028881072998 -0.295289546251297 2.1588616371154785 -163.59076050309193 -31.61717511241725 -117.35688334488631 0.12506191700231284
0495 -0.565726101398468 -0.29572030901908875 2.1640961170196533 -167.607992604955 -32.84746033911727 -115.5336354425507 0.11610590701457113
0496 -0.5642041563987732 -0.2953181266784668 2.1592204570770264 -163.4928423401742 -31.138322879540958 -117.4027193395167 0.12903519696556032
0497 -0.566559910774231 -0.2961377799510956 2.1669647693634033 -167.86457524792348 -32.99941061341513 -115.32583120775111 0.09315822296775877
0498 -0.5642499923706055 -0.29535016417503357 2.15932297706604 -163.42591590509323 -31.126910909122294 -117.40040773066393 0.10594331310130656
0499 -0.566428005695343 -0.2960703372955322 2.1665008068084717 -167.8305216223203 -33.11638350613524 -115.32770702976157 0.10587551502976567
0500 -0.5630552172660828 -0.2947133779525757 2.155949592590332 -162.5047573798681 -31.4112841837431 -117.99503761986632 0.08648016094230115
0501 -0.5666154026985168 -0.2959102690219879 2.1671125888824463 -167.87065875016273 -33.648526331449254 -115.32346647816937 0.10354360693600029
0502 -0.5631456971168518 -0.29480379819869995 2.15651798248291 -162.18172714038025 -31.160742498193 -118.19873865396715 0.10540652193594724
0503 -0.5675342679023743 -0.2963789403438568 2.1702280044555664 -168.104528798675 -33.796426124490004 -115.1747535774897 0.1045730859041214
0504 -0.5636873841285706 -0.29515716433525085 2.158627986907959 -162.2295270021762 -31.17475902142824 -118.14583282244756 0.10572542401496321
0505 -0.5681116580963135 -0.29668352007865906 2.1723995208740234 -168.4290024572775 -33.64001993442611 -115.03278638664409 0.10528750298544765
0506 -0.5640779733657837 -0.29534247517585754 2.160038471221924 -162.5081179308332 -30.954233968730257 -117.82945770740561 0.10860093298833817
0507 -0.5665220618247986 -0.29577866196632385 2.1659762859344482 -168.73141784530478 -34.04863313794159 -114.70402405113342 0.10497662809211761
0508 -0.562783420085907 -0.294667512178421 2.1550722122192383 -162.1350442239558 -30.922834551880545 -118.28282579470405 0.12202845502179116
0509 -0.5667102336883545 -0.2958891689777374 2.1665377616882324 -168.83148653299824 -33.958434646026525 -114.74217128139138 0.1275501810014248
0510 -0.5631662607192993 -0.2948538362979889 2.1563940048217773 -162.20911217898458 -30.74838212399173 -118.2062175593877 0.12103006697725505
0511 -0.5668643712997437 -0.2959674596786499 2.1671154499053955 -168.87184549944087 -33.961995082770315 -114.64556146708885 0.11341255600564182
0512 -0.5702894330024719 -0.2949490547180176 2.168321371078491 -166.8010516949577 -31.69187784119291 -114.98568225320513 0.08360990299843252
0513 -0.5744814276695251 -0.2934943735599518 2.1650726795196533 -166.877449356863 -31.824646487824392 -113.71618216601436 0.11349617096129805
0514 -0.5755332708358765 -0.28982511162757874 2.1495065689086914 -166.57792701822285 -34.294306859143994 -113.37984236182419 0.10568639799021184
0515 -0.5782973766326904 -0.2890067994594574 2.1492323875427246 -167.3382197372693 -32.39016916333248 -111.96382109731134 0.10567323199938983
0516 -0.5847856402397156 -0.2889612317085266 2.159388303756714 -168.5087220678932 -31.219315247211977 -110.03256272432891 0.10582673700992018
0517 -0.5834028124809265 -0.28590092062950134 2.1438772678375244 -169.9075029609778 -34.69447620102433 -108.20491591524852 0.11342495307326317
0518 -0.589690089225769 -0.28640714287757874 2.1544485092163086 -170.77017567451972 -33.17248096257712 -107.65350268382932 0.12024489406030625
0519 -0.5985721349716187 -0.2880025804042816 2.172201633453369 -170.33934851280299 -30.349248529627644 -106.86850494110884 0.10462387604638934
0520 -0.6011945009231567 -0.28697681427001953 2.1699275970458984 -173.78114049245644 -34.02880156170482 -104.20169497361942 0.10700971295591444
0521 -0.6063430309295654 -0.2875867486000061 2.178246021270752 -172.25229809445798 -29.233884791282353 -105.43590928156092 0.11199550901073962
0522 -0.6143052577972412 -0.2890057861804962 2.1935951709747314 -176.88571481191886 -29.730407028970326 -101.77052712720264 0.11133358301594853
0523 -0.6216135025024414 -0.2904720902442932 2.209399938583374 -175.85155173262527 -31.952845863711506 -101.43748250981531 0.11950981605332345
0524 -0.6217795014381409 -0.2885431945323944 2.198004961013794 -177.75567815645863 -32.28434319554581 -100.16456226837 0.12868139205966145
0525 -0.6263269782066345 -0.28832656145095825 2.202303647994995 -176.12359255799834 -32.98397949247624 -99.81654424812857 0.12571121891960502
0526 -0.6275187134742737 -0.2867591977119446 2.1947569847106934 -178.3665612078959 -33.323086992944084 -97.06439567510377 0.10410205402877182
0527 -0.6256053447723389 -0.28322842717170715 2.1750404834747314 175.48797558771912 -34.05592497528113 -91.55006370849702 0.11827486590482295
0528 -0.634041428565979 -0.28493836522102356 2.190979242324829 178.49572781049469 -33.5158161400256 -92.14848231493535 0.11258780700154603
0529 -0.6394369602203369 -0.28515052795410156 2.1979730129241943 176.0626044435089 -33.16047097237431 -89.48773040044313 0.13693405396770686
0530 -0.6431442499160767 -0.28460752964019775 2.1973671913146973 174.9667296571949 -31.893499922717183 -87.78012411624648 0.10658621194306761
0531 -0.646100640296936 -0.2842539846897125 2.197266101837158 173.07492579286082 -32.26130358918642 -85.17361233149732 0.10568353498820215
0532 -0.6471734642982483 -0.28327658772468567 2.190793752670288 174.33410385493602 -33.19642412693397 -85.6655655081895 0.09686273196712136
0533 -0.6533704996109009 -0.2840372920036316 2.1993021965026855 173.56565371006405 -33.157874519364064 -85.09429961517155 0.10964753106236458
0534 -0.6560229659080505 -0.28372594714164734 2.1968610286712646 173.60726686414205 -33.4295355498168 -84.90160360484613 0.1036600669613108
0535 -0.6576854586601257 -0.28294163942337036 2.1919922828674316 172.87886614579276 -33.51282506544704 -84.44662683756539 0.09213580598589033
0536 -0.6595243215560913 -0.282358318567276 2.1873598098754883 173.50445942946135 -32.15660835102749 -85.26254862561272 0.09895137406419963
0537 -0.6638116240501404 -0.28302136063575745 2.192439079284668 174.8984168249605 -33.6828611442397 -85.8498623571562 0.07056888600345701
0538 -0.669360876083374 -0.2839045524597168 2.200563430786133 172.66268683243896 -32.78201005902367 -84.70693543562685 0.08752141997683793
0539 -0.6727356314659119 -0.2842657268047333 2.20072603225708 176.90454815198393 -33.896408267682965 -87.25026328414712 0.10664990299846977
0540 -0.6771739721298218 -0.28460684418678284 2.203542470932007 172.72868752789012 -33.178904124533865 -84.70209536302195 0.10315364296548069
0541 -0.6805284023284912 -0.2849076986312866 2.2052853107452393 176.6590713458231 -34.377112328574626 -87.29306316167282 0.11036793398670852
0542 -0.6778789758682251 -0.2823599874973297 2.1857337951660156 172.04515263927524 -34.74661916221256 -84.30764818924665 0.09459893906023353
0543 -0.6795926094055176 -0.2819843590259552 2.182044506072998 174.88479801958457 -34.805258648000645 -86.75443174967981 0.09258690406568348
0544 -0.6846187114715576 -0.2821708917617798 2.187535047531128 171.37935969710708 -33.48612106977483 -84.68867737954507 0.11862914497032762
0545 -0.6907935738563538 -0.28351783752441406 2.1976590156555176 176.65866160283858 -33.55686233982981 -87.75501754315917 0.11597760603763163
0546 -0.6983364820480347 -0.28547388315200806 2.211740493774414 174.79009049554548 -34.231712032713794 -86.41496641183448 0.08494756906293333
0547 -0.7024745941162109 -0.2858477532863617 2.2148244380950928 174.95891331113793 -34.598234238626524 -86.6373473705981 0.10988744208589196
0548 -0.7012791633605957 -0.28390076756477356 2.201014995574951 173.34812725252354 -35.35386872397679 -85.65441887750075 0.10685079300310463
0549 -0.7016749978065491 -0.283012717962265 2.1934545040130615 172.61817653824045 -33.81669668875438 -85.5850165812942 0.10050033894367516
0550 -0.7096530795097351 -0.2852947413921356 2.2089905738830566 174.40686227442768 -33.317937073343344 -86.37826250270187 0.09962147602345794
0551 -0.7136355042457581 -0.2858109176158905 2.212336301803589 173.4792165871985 -33.674495400905165 -85.49281157930595 0.11633115098811686
0552 -0.7157838940620422 -0.28531959652900696 2.2090442180633545 173.679233385805 -34.16040935276787 -85.5022319573303 0.11377001693472266
0553 -0.7184948921203613 -0.28516313433647156 2.208987236022949 174.51401626364654 -34.019651622342735 -86.08945456772584 0.11990482802502811
0554 -0.7249544858932495 -0.28661292791366577 2.218707799911499 174.05824009850286 -34.88550325148076 -85.78446045287382 0.10859909898135811
0555 -0.7225001454353333 -0.28489160537719727 2.205441951751709 171.9925046402121 -34.579850144495815 -84.88348603684213 0.11322035500779748
0556 -0.720395028591156 -0.2837216854095459 2.1974117755889893 174.06557109045255 -33.590024557829125 -86.39382037722419 0.12190708098933101
0557 -0.7260271310806274 -0.28609538078308105 2.213423490524292 171.84258012059743 -34.318457982436534 -84.5668614273856 0.11331441800575703
0558 -0.7235946655273438 -0.2850029766559601 2.2063987255096436 175.48556824576886 -34.92143745519917 -86.94113917203904 0.11101113795302808
0559 -0.722147524356842 -0.2843623161315918 2.2014756202697754 170.44662205607094 -35.70096529188847 -83.64248731875306 0.10805403999984264
0560 -0.716366171836853 -0.28223392367362976 2.184751510620117 177.09128635843845 -34.35740642361533 -88.35700292836906 0.10141537000890821
0561 -0.7216894626617432 -0.2841429114341736 2.1991562843322754 170.23531815973448 -35.1624539696937 -83.20466859073461 0.0902095400961116
0562 -0.7150388360023499 -0.2817673683166504 2.18068528175354 177.65680442320397 -35.126113174394455 -88.49554984834329 0.10455723805353045
0563 -0.720190167427063 -0.2834244668483734 2.1943180561065674 170.05124577418243 -35.88072774092089 -83.17784705353776 0.09448199800681323
0564 -0.714144229888916 -0.28155308961868286 2.1780757904052734 177.72144766146693 -34.04205774093554 -88.84328583105545 0.11180413095280528
0565 -0.7187781929969788 -0.2830071449279785 2.1897761821746826 169.76615126899657 -35.207789090952126 -82.6628231736342 0.10402268392499536
0566 -0.7140358090400696 -0.28144511580467224 2.1774868965148926 177.02088111177568 -35.515515087358125 -88.31613525592086 0.11382570303976536
0567 -0.717323899269104 -0.2820807993412018 2.185244560241699 169.13719692112127 -35.173629827165456 -82.73809411041361 0.1003006569808349
0568 -0.7136881947517395 -0.2813216745853424 2.1763803958892822 177.82125391381965 -34.87280033870399 -88.63850028581423 0.11761608603410423
0569 -0.7178430557250977 -0.28252604603767395 2.1865954399108887 169.53156603644072 -35.50351509786463 -82.85807083835614 0.10150001896545291
0570 -0.7142794728279114 -0.28150832653045654 2.178154230117798 177.20757812488574 -34.78007153387515 -88.33936656259581 0.09907690493855625
0571 -0.7190958261489868 -0.2830319404602051 2.190526247024536 169.71590825400847 -34.917642453121694 -82.95860650840935 0.11031788494437933
0572 -0.7173121571540833 -0.28265905380249023 2.187225341796875 177.01620346941888 -34.81655033285321 -88.07267326765911 0.11759031505789608
0573 -0.7201313972473145 -0.28345587849617004 2.194129705429077 169.8839100582094 -35.6718592287393 -83.01554024632543 0.11378085904289037
0574 -0.7143107652664185 -0.2815147042274475 2.178398609161377 177.9452499339639 -34.25182865748968 -88.88109610698481 0.1058437549509108
0575 -0.7199563384056091 -0.2834532856941223 2.1931376457214355 170.2550845523425 -34.86120499452955 -82.9313920499075 0.08181280898861587
0576 -0.7157344818115234 -0.28214365243911743 2.182431697845459 176.9213585784057 -35.06294728590596 -88.12731784050524 0.1057501609902829
0577 -0.7195264101028442 -0.2831191122531891 2.1917972564697266 169.56105405216263 -35.05200545279581 -82.868799238572 0.11318607698194683
0578 -0.7172781825065613 -0.28275609016418457 2.187032461166382 178.0281109528891 -34.68794246865859 -88.63488968652567 0.10287441895343363
0579 -0.7183807492256165 -0.2828293740749359 2.1879727840423584 169.35018922876296 -35.775953889788646 -82.58880040766135 0.11388048797380179
0580 -0.7132010459899902 -0.28119680285453796 2.174663543701172 178.8025736294191 -34.66364823105705 -89.36497272858534 0.099016965017654
0581 -0.7198504209518433 -0.28337520360946655 2.1922059059143066 170.0042140750178 -35.34570337210948 -83.11130751128883 0.09222009498625994
0582 -0.7149301767349243 -0.2818470895290375 2.180323362350464 178.37998058371093 -34.48075602475095 -88.92128371553713 0.10924649296794087
0583 -0.7191381454467773 -0.28324148058891296 2.190675973892212 169.77038681445254 -35.762395889388365 -82.96386615390438 0.10714412294328213
0584 -0.7130680680274963 -0.2810733914375305 2.174429178237915 178.62882708363287 -34.49412409908488 -89.13168095741581 0.10814148397184908
0585 -0.719011127948761 -0.28310737013816833 2.1897006034851074 169.6610154325084 -35.614513400076454 -82.83273837230003 0.11560967995319515
0586 -0.7132488489151001 -0.2812790274620056 2.174898147583008 179.73055346477724 -34.5790800612909 -89.9217961515725 0.08792989992070943
0587 -0.7167522311210632 -0.2823239266872406 2.183335304260254 169.50633374003834 -35.953374262776244 -82.54564579972237 0.10730702604632825
0588 -0.712480902671814 -0.28102564811706543 2.172048568725586 -179.16438077112534 -34.672901859901096 -90.74228167268465 0.08712919498793781
0589 -0.7179818153381348 -0.28271034359931946 2.187364101409912 170.9704653820294 -36.63917453735738 -83.0140822455542 0.10993435606360435
0590 -0.7120451927185059 -0.2809276878833771 2.17087459564209 -175.60536906083158 -33.8229614257124 -92.97781192201145 0.10462227801326662
0591 -0.716545045375824 -0.2822858691215515 2.1836936473846436 172.3082133849491 -37.47195488790076 -83.54622193447541 0.09614503209013492
0592 -0.7095051407814026 -0.27949652075767517 2.1633801460266113 -177.71287725560992 -33.741210646415695 -92.05973074822818 0.11157607496716082
0593 -0.7163825035095215 -0.28187429904937744 2.1832003593444824 171.37616276537875 -36.465034558283875 -83.13145741782405 0.0839520989684388
0594 -0.7142423391342163 -0.2817218005657196 2.177570104598999 -176.1820370933657 -32.68840156677044 -92.74010265235937 0.08841985696926713
0595 -0.7142621874809265 -0.2813256084918976 2.1775834560394287 171.5015122960585 -37.021732989912486 -82.73302101168747 0.08714893204160035
0596 -0.712108314037323 -0.28062596917152405 2.170725107192993 -176.993138726281 -32.64712854482659 -92.53216281906562 0.11798557103611529
0597 -0.7143113613128662 -0.2811301648616791 2.1771655082702637 171.44967016233886 -36.66496956076474 -82.71710918054221 0.1183849290246144
0598 -0.7131566405296326 -0.2810629606246948 2.1743216514587402 -176.2501088499782 -32.09514933712028 -92.8304897160522 0.11670752498321235
0599 -0.7137874960899353 -0.2810758650302887 2.176152467727661 171.8212618312717 -37.485111600167045 -82.63526634205523 0.10647227300796658
0600 -0.712554395198822 -0.2805198132991791 2.1718435287475586 179.9633992065909 -31.98446849680432 -91.07097617506854 0.1028230789816007
0601 -0.7146812677383423 -0.28105464577674866 2.1784751415252686 169.2880061694662 -35.28174310813448 -81.0294015392899 0.09288269199896604
0602 -0.7139912247657776 -0.28172847628593445 2.176659345626831 -179.2125237049634 -33.221146449947604 -90.8713272711768 0.09777850296813995
0603 -0.714475154876709 -0.28143858909606934 2.177865982055664 170.2160437647891 -36.2944237535048 -82.28011819960943 0.09049803495872766
0604 -0.7147731184959412 -0.28211212158203125 2.178581476211548 -176.25450585502736 -33.46599294308846 -92.68003696339109 0.10724656993988901
0605 -0.7164403796195984 -0.2823868989944458 2.183802366256714 172.1384616050245 -37.390036251009484 -83.33702678384891 0.1031557209789753
0606 -0.7082064151763916 -0.2792339622974396 2.1599669456481934 -176.18422165437292 -33.58588943258597 -92.93140798765498 0.07781060400884598
0607 -0.7146105170249939 -0.2814320921897888 2.178318977355957 171.64404272433177 -36.965821284656414 -82.96679370216741 0.08638421702198684
0608 -0.7110903263092041 -0.28036975860595703 2.1680514812469482 -175.44587725485982 -32.86933623737709 -93.20074984846799 0.11254730902146548
0609 -0.7136578559875488 -0.28119024634361267 2.175697088241577 171.97297910278067 -37.332460246743715 -82.91776247828511 0.10552293504588306
0610 -0.7097658514976501 -0.27967044711112976 2.16416597366333 -177.02863843415975 -32.58418019009052 -92.4509476030474 0.08780748001299798
0611 -0.7125003337860107 -0.2805231809616089 2.171882152557373 171.36883041905213 -36.98789882117853 -82.51456422277813 0.1068993010558188
0612 -0.7119414210319519 -0.280634343624115 2.1703150272369385 -175.9166849420812 -32.61073287484492 -92.97437172959863 0.11307558102998883
0613 -0.7139012813568115 -0.28119155764579773 2.17616868019104 171.8537687074575 -37.51779335313377 -82.6973632817839 0.12859506998211145
0614 -0.7104134559631348 -0.2798171937465668 2.1659164428710938 -177.8543460275785 -32.38251257112283 -92.04426621905466 0.11022272997070104
