0000 0.7601596117019653 -0.7809388637542725 3.150296449661255 -159.28518897095717 -54.96700498297957 -104.34602537581614 2.454914772999473
0001 0.7537884712219238 -0.7796491384506226 3.140153646469116 -159.4016421847105 -50.70990025097011 -103.18418492039038 1.9468202930002008
0002 0.7255792021751404 -0.7710283994674683 3.087599515914917 -148.8279723260007 -51.88219442673641 -111.80455936197889 1.9314462620022823
0003 0.7085978984832764 -0.7638784050941467 3.0488460063934326 -151.7806355829128 -50.291918259587156 -110.87091949645342 1.9738424090028275
0004 0.7030982971191406 -0.7700373530387878 3.0695035457611084 -153.14652301174377 -50.27974110363289 -110.23503036362402 1.9777376830024878
0005 0.698663055896759 -0.7774156928062439 3.087618827819824 -153.15803353414557 -49.94278556885246 -108.6964868827078 1.9224552609957755
0006 0.6840384602546692 -0.7726798057556152 3.063016891479492 -152.65077200620937 -46.774161560284654 -109.19915644547582 1.9793954109991319
0007 0.6496189832687378 -0.7458879947662354 2.9455771446228027 -153.33695011022573 -46.91306863455072 -109.13767202371359 1.8751651540005696
0008 0.6560401320457458 -0.765548825263977 3.0200374126434326 -152.7035809570659 -46.39777931562743 -108.67484196205282 1.9829649929961306
0009 0.6473346948623657 -0.7691059112548828 3.029430389404297 -150.92649857739977 -45.8096606351769 -110.23936879232176 1.958360222997726
0010 0.6274815201759338 -0.75532466173172 2.96907901763916 -151.99186723595042 -46.40658067972398 -109.92139486435448 1.9924396529968362
0011 0.6269972324371338 -0.7688893675804138 3.0197157859802246 -149.982517276602 -46.72636496194756 -111.92208695788698 1.924265554996964
0012 0.6219635605812073 -0.774998128414154 3.039188861846924 -152.1063390499767 -45.08980443803486 -109.52564007117685 1.9105529799999204
0013 0.6222915053367615 -0.7883938550949097 3.0868685245513916 -154.08105433862607 -44.18784058094735 -108.36185158156522 1.9001990229953662
0014 0.6116465926170349 -0.7880308032035828 3.081082344055176 -153.20652844068266 -47.4045173178527 -109.35350741847367 1.9123200999965775
0015 0.58620285987854 -0.7683411240577698 3.0013155937194824 -147.387221645109 -47.25372078508183 -115.67590030644548 1.9101764450024348
0016 0.5812961459159851 -0.7753193974494934 3.021613597869873 -151.92770486447637 -44.4558944788804 -110.81149457677428 2.045340249002038
0017 0.5763335227966309 -0.782279908657074 3.045813798904419 -155.18542073648405 -44.59431451350077 -108.45018245630274 2.0248515310013318
0018 0.5684863924980164 -0.7872424721717834 3.0610711574554443 -155.29827206600672 -43.416921720748654 -108.72967590656191 1.9647861819976242
0019 0.5381252765655518 -0.7599064707756042 2.953037977218628 -152.8684745612236 -41.74738847938807 -109.95076986865705 2.142228723001608
