timestamp x_robot y_robot z_robot roll_robot pitch_robot yaw_robot runtime
0000 0.7420529127120972 -0.9239857792854309 3.499014377593994 81.65802790637655 44.15581843023993 -143.35728625991234 2.4692606839998916
0001 0.7261914014816284 -0.9146585464477539 3.4476451873779297 77.42536963738944 48.95486461670437 -145.61043151574327 0.033772852999391034
0002 0.6456649303436279 -0.8464882969856262 3.135129690170288 79.56992456747 50.400849601822344 -148.44470022986033 0.032354601000406547
0003 0.652186393737793 -0.8620970845222473 3.188121795654297 87.1055828198411 56.47499088426026 -141.208538002808 0.03258250299768406
0004 0.6593378186225891 -0.8745530843734741 3.2292003631591797 92.90773432798368 54.31539740393662 -134.88551809106534 0.03215394099970581
0005 0.6643875241279602 -0.8861154317855835 3.26249098777771 94.6653218205536 58.272188834423105 -132.6331286423037 0.03821282599892584
0006 0.661554217338562 -0.8875007629394531 3.260725975036621 104.01987844827677 55.36241037986853 -125.25523198645857 0.034810086002835305
0007 0.664240300655365 -0.8930212259292603 3.27846360206604 124.81081568056686 62.831423328879815 -104.76682875975324 0.03616266799872392
0008 0.6422531008720398 -0.8794124126434326 3.2090954780578613 107.7072316734707 44.47335689706848 -117.7248034297182 0.034275914997124346
0009 0.662636935710907 -0.8963520526885986 3.2859103679656982 111.46754894074475 68.57988439604102 -112.25567402598173 0.03248994200112065
0010 0.6514569520950317 -0.8939228057861328 3.2636771202087402 100.99980768047476 52.850936806765475 -128.58504826645586 0.03973927400147659
0011 0.6463856101036072 -0.8864043951034546 3.230273723602295 112.71474405203583 66.20835925117035 -119.1711356206124 0.03517605000160984
0012 0.6258046627044678 -0.871986985206604 3.1629815101623535 103.48794808965272 50.07065766357682 -128.03885465053358 0.032415219000540674
0013 0.6452600359916687 -0.8917508721351624 3.2373547554016113 116.78442152057292 72.96879823902054 -114.02795977428343 0.0344785060005961
0014 0.6342366337776184 -0.8845496773719788 3.205526113510132 88.48043900485266 56.73055312292969 -147.8969853575265 0.032706182999390876
0015 0.6294382810592651 -0.88308185338974 3.1909701824188232 81.85856621010092 59.19675388225319 -152.78123984376376 0.03206557600060478
0016 0.6374616026878357 -0.9011582732200623 3.2510080337524414 65.39870102995954 59.83618764088157 -171.62034312880178 0.03205856900240178
0017 0.6435450911521912 -0.9126773476600647 3.28731107711792 59.69646155461056 54.30952524772688 178.83323565148115 0.03157938100048341
0018 0.636023223400116 -0.9068750143051147 3.26400089263916 52.91274076444946 54.587521998790024 171.44477628054102 0.034742318999633426
0019 0.6254729628562927 -0.8998693823814392 3.2309494018554688 50.151133374457906 45.35558358213155 165.5040917762901 0.03516746199966292
0020 0.6030632853507996 -0.8749183416366577 3.1323368549346924 55.23579720308177 39.47465472345436 168.85253460864482 0.03551266100112116
0021 0.5871261954307556 -0.85572350025177 3.059319496154785 57.83128749004548 39.97800719333427 170.08557133515072 0.03299886099921423
0022 0.5739114284515381 -0.8416165709495544 3.0048015117645264 58.09799388553566 39.002080730672866 172.16425637451312 0.03342391299884184
0023 0.564128577709198 -0.8327299952507019 2.968458414077759 60.31277464282456 37.28357909698625 173.7727914344364 0.03259276199969463
0024 0.5542009472846985 -0.8205456733703613 2.926605701446533 62.6212782973406 38.85719172649597 176.57430637608584 0.030485134000628022
0025 0.5534881949424744 -0.8246665596961975 2.937537431716919 58.438899193404566 39.226301579349446 172.35645321121382 0.03725392499836744
0026 0.554413914680481 -0.8329150676727295 2.961893320083618 63.26429550773865 36.93179165764363 174.47517600792446 0.03303594699900714
0027 0.5478585362434387 -0.8270125389099121 2.9344708919525146 59.28568195647119 39.87116009693464 173.08756083114494 0.03424726899902453
0028 0.5521349906921387 -0.8381004929542542 2.9732892513275146 63.153387364801645 40.750720372956216 173.83868103265686 0.036078195000300184
0029 0.5470633506774902 -0.834532618522644 2.9574079513549805 56.48810940712885 40.56659212124619 169.83737625654072 0.03493722900020657
0030 0.5487685799598694 -0.8436266779899597 2.9825916290283203 61.383898622533486 39.35257029403247 171.2398710942704 0.03929962699839962
0031 0.5421281456947327 -0.8369117975234985 2.958305835723877 60.715144810134205 39.518170414996234 172.74852135802365 0.03323746100068092
0032 0.5351657271385193 -0.8316659927368164 2.93361496925354 62.01154498833456 36.70324989679617 172.0184746662244 0.03440237700124271
0033 0.5359504222869873 -0.838676393032074 2.954808235168457 59.41472934372464 40.53531093144659 169.28083099832818 0.03414422900095815
0034 0.5353463888168335 -0.8433747887611389 2.9708266258239746 62.30905066846686 38.441945484043885 170.76700869398698 0.030627426000137348
0035 0.5380868315696716 -0.8518624305725098 2.9967801570892334 59.286118342296874 40.96409513898844 169.2782391599018 0.03484335900066071
0036 0.5248886346817017 -0.8448970317840576 2.9585275650024414 64.77516782913497 34.74983328507354 170.87530266087373 0.03512607100128662
0037 0.5290980935096741 -0.8561543822288513 3.003056287765503 58.672724052351725 48.33518476920388 164.92316676909428 0.03836235099879559
0038 0.5333009362220764 -0.8682911992073059 3.0391247272491455 58.96786454806103 35.15750235170503 162.40314051509048 0.033487972999864724
0039 0.5329968333244324 -0.8750497698783875 3.052769660949707 53.26559583079932 46.46727199977413 156.9923332604835 0.036647529999754624
0040 0.5369898676872253 -0.8868956565856934 3.0973806381225586 57.50198766962076 39.78978944244637 161.02084828334688 0.0362578560016118
0041 0.5349252223968506 -0.8856931328773499 3.0883586406707764 48.31939315265026 40.21031795586422 151.75895662802643 0.03208030899986625
0042 0.5381874442100525 -0.9013500213623047 3.132524013519287 55.919632175668625 41.27772690765318 155.25408842648318 0.03249306700308807
0043 0.5369533896446228 -0.9033377766609192 3.139791965484619 51.005475368091176 45.25207310661654 154.7454608902914 0.03270860400152742
0044 0.5356184840202332 -0.9069932103157043 3.1509766578674316 56.71546180867219 39.09032525535608 157.33308182400128 0.03169007100223098
0045 0.5336849093437195 -0.9023649096488953 3.141803026199341 53.01822003888887 42.92904693725742 154.6794577181821 0.03379781100011314
0046 0.5285965204238892 -0.9044802784919739 3.137826919555664 51.8066338335853 39.66265780273126 151.8816721207459 0.03284914899995783
0047 0.5230947136878967 -0.8992647528648376 3.1182875633239746 55.894096477200705 37.20451236325815 155.09808321926752 0.03422667700215243
0048 0.5219826698303223 -0.903662919998169 3.133471965789795 53.676059332030775 42.86378167218002 154.81604567362612 0.03542338199986261
0049 0.5184613466262817 -0.9053347110748291 3.134603500366211 55.52988378046608 38.45164622989212 153.97279430037 0.03409032499985187
0050 0.5156456828117371 -0.90308678150177 3.127596616744995 53.3260247750033 43.75406233639573 152.68924180243005 0.03898703199956799
0051 0.5158382654190063 -0.9062075018882751 3.1389551162719727 59.274391380906955 36.95521386826561 155.38962453790677 0.033004875000187894
0052 0.5199393630027771 -0.9093691110610962 3.146366834640503 58.85866414607896 36.221083458955576 158.15321974583898 0.0393634159991052
0053 0.5131256580352783 -0.9086560010910034 3.142008066177368 61.92745650457685 38.936511598276674 158.64306109387425 0.029978002999996534
0054 0.5041486024856567 -0.905707836151123 3.1301369667053223 63.252476514242005 41.15852923035334 161.94350862725318 0.03447657399738091
0055 0.4941902160644531 -0.8994019031524658 3.1054470539093018 61.9528349163169 41.98684976625773 160.83465758937936 0.036234584000339964
0056 0.48631197214126587 -0.896820068359375 3.0913796424865723 65.81568877346267 41.84103120518713 162.79003929102143 0.02733462700052769
0057 0.48782122135162354 -0.905670702457428 3.122511148452759 57.703627091900465 49.02705967818371 155.09229541134678 0.037510981997911585
0058 0.48929673433303833 -0.9151308536529541 3.148927688598633 53.1694679964989 38.93143941819234 147.60550679432814 0.034673869999096496
0059 0.4890631437301636 -0.9176886677742004 3.1518189907073975 56.792975366126754 38.87478126585746 150.32927918655722 0.033588662001420744
0060 0.5005812048912048 -0.9292646050453186 3.1954877376556396 64.302320236908 31.561759471684503 155.55855719695674 0.03290102199753164
0061 0.4776439964771271 -0.9190729856491089 3.1501848697662354 66.85595603041469 31.7099893516245 160.70308283074965 0.0342408099968452
0062 0.4923216700553894 -0.92735755443573 3.1898255348205566 64.19290153014309 40.544449691136485 156.71842527241168 0.03469344900076976
0063 0.4705527424812317 -0.925084114074707 3.1694579124450684 63.63551049054376 45.069021669915685 158.41133354161835 0.031065821000083815
0064 0.48196345567703247 -0.9367569088935852 3.2091262340545654 66.50691162358034 41.81985791812808 160.82807840923087 0.03272917900176253
0065 0.47918811440467834 -0.9414496421813965 3.2186238765716553 68.56791942207603 38.95978982549953 163.79561788754188 0.04011987699777819
0066 0.48825204372406006 -0.9484042525291443 3.250420331954956 72.63382730184533 34.85771031495343 167.06295054686058 0.03411999699892476
0067 0.4837118089199066 -0.9542469382286072 3.2675890922546387 71.14839087054322 46.02919819820315 167.57903023933088 0.03359420899869292
0068 0.47340407967567444 -0.9548492431640625 3.2615840435028076 72.21485146007139 38.97198891200442 168.43160949768827 0.03489225800149143
0069 0.48358476161956787 -0.959600567817688 3.281609058380127 71.87942888572543 38.06226058906373 168.54744691568277 0.034150649000366684
0070 0.47682878375053406 -0.9515705704689026 3.247343063354492 72.50876502148844 27.88948293773815 169.2809605699762 0.04160055400279816
0071 0.48631760478019714 -0.9520760774612427 3.25537371635437 76.34161158363767 19.459218325839718 170.9943249937744 0.035777273998974124
0072 0.4690116047859192 -0.9920644760131836 3.386439323425293 -175.6784138784848 -44.468563539603416 -97.1281313900641 1.8200378610017651
0073 0.46396076679229736 -0.9887691140174866 3.37530517578125 -174.3044761367655 -44.50230353179107 -98.62411056342053 0.0322294800025702
0074 0.46406102180480957 -0.9950871467590332 3.396228313446045 -174.1856780545718 -43.32465688664874 -99.15557024965071 0.03405588500027079
0075 0.4621617794036865 -0.998826801776886 3.4089667797088623 -173.7750574459699 -43.06519620529177 -100.08078108447388 0.03383758899872191
0076 0.45717132091522217 -0.9969046711921692 3.4020986557006836 -172.60265611265407 -43.104939066046335 -101.47487070757921 0.027767865001806058
0077 0.4527835547924042 -0.9945585131645203 3.3944759368896484 -171.52213253077267 -43.099903978439805 -102.76658332881212 0.03363324500242015
0078 0.4514606297016144 -0.9994166493415833 3.4112234115600586 -171.41954652858757 -42.90104184580262 -103.15786977253863 0.033284525998169556
0079 0.44539883732795715 -0.9958802461624146 3.3972039222717285 -171.1800482848377 -43.567826044992906 -104.39117311747204 0.03553800000008778
0080 0.4416230022907257 -0.9938071966171265 3.3901140689849854 -170.66249415513497 -43.797507834547424 -104.85695882908037 0.03728738400241127
0081 0.4397847652435303 -0.9965977072715759 3.4008891582489014 -169.90594140482898 -42.899605050008766 -105.88393442664875 0.038408218999393284
0082 0.4362095296382904 -0.9967921376228333 3.4023609161376953 -169.53497407286315 -42.188365818834995 -106.42649613952611 0.03686343100343947
0083 0.43199536204338074 -0.9948664903640747 3.3969104290008545 -168.10988712168756 -42.56013355628035 -108.09183472701952 0.032352811002056114
0084 0.42819860577583313 -0.9928200244903564 3.3893022537231445 -166.70532703992458 -42.39184438188375 -109.75244200509398 0.03335099800096941
0085 0.4237178564071655 -0.9913519620895386 3.3847122192382812 -165.72892355354443 -41.96629706319925 -110.70275676251482 0.04033560999960173
0086 0.4204373359680176 -0.9917210340499878 3.386439561843872 -164.44415256383544 -42.38791561288174 -112.04773896812569 0.03148776899979566
0087 0.4162030816078186 -0.9880052208900452 3.3733911514282227 -164.9792244374012 -43.07874896468089 -112.2620457123334 0.035022599000512855
0088 0.41313502192497253 -0.988480806350708 3.375919818878174 -164.28260499888677 -42.75147643761596 -113.36068113646022 0.03198193500065827
0089 0.4128376245498657 -0.995200514793396 3.3993375301361084 -163.55794975744962 -42.24354342363025 -114.41143981738703 0.03302602300027502
0090 0.4080335199832916 -0.9923157095909119 3.3904943466186523 -162.3120401959261 -42.10008368097205 -116.03144798372246 0.03401309499895433
0091 0.4043620526790619 -0.9902201294898987 3.385026693344116 -161.318716867148 -42.902617009256424 -117.18796126875175 0.03419220100113307
0092 0.398838073015213 -0.985922634601593 3.3715851306915283 -161.21665171991506 -41.97140662674413 -117.78015176579466 0.034770746002322994
0093 0.3968595564365387 -0.9901517033576965 3.3886821269989014 -160.32301557087843 -40.37712284727802 -118.65553021076886 0.03710862000298221
0094 0.3932589888572693 -0.9869222640991211 3.3781073093414307 -159.4182109424072 -42.10307524981264 -119.87008245552425 0.03149183200002881
0095 0.38929617404937744 -0.9851884841918945 3.3729968070983887 -159.12706374834318 -41.30198455070638 -121.03002476351637 0.043020295997848734
0096 0.3885559141635895 -0.990721583366394 3.393376350402832 -158.8044666401824 -40.862425534417596 -121.3331514250537 0.033140700001240475
0097 0.3845764100551605 -0.9902871251106262 3.392211437225342 -158.73498051764884 -40.47335863906695 -122.05273862860356 0.032138456001121085
0098 0.38080599904060364 -0.9868452548980713 3.381244659423828 -156.92773246499115 -40.357152246617034 -123.87858397553096 0.037226684999041026
0099 0.37756985425949097 -0.9858746528625488 3.379415273666382 -158.02293688422392 -40.42360281824068 -123.81555991755805 0.03368000100090285
0100 0.37440788745880127 -0.988511860370636 3.390317440032959 -157.37286657676594 -39.31933133495188 -124.73373494008622 0.03724054300255375
0101 0.3706338405609131 -0.9844493269920349 3.378873825073242 -157.07392849912543 -39.412813009310824 -125.2970518880089 0.03246066299834638
0102 0.3672029674053192 -0.9824807047843933 3.3731069564819336 -155.3217526079236 -39.712745736027735 -126.95062497699138 0.03196418700099457
0103 0.3667735457420349 -0.9886411428451538 3.3947930335998535 -155.55469265684735 -39.587302642704266 -127.44182014982354 0.03479449899896281
0104 0.3634769320487976 -0.989803671836853 3.4009482860565186 -155.50377329073834 -38.77651335354608 -128.1766324323794 0.03426051099813776
0105 0.3607487976551056 -0.9882303476333618 3.397519111633301 -154.50454064325714 -38.46688712383846 -128.93699148236948 0.03863612200075295
0106 0.35617077350616455 -0.9836238026618958 3.384003162384033 -153.60330180521075 -37.33307977874662 -130.0458839448505 0.03229047700006049
0107 0.3533458411693573 -0.9853460192680359 3.3922088146209717 -153.73005857510077 -36.52016821348498 -130.27277601214516 0.03625982800076599
0108 0.35060903429985046 -0.9848553538322449 3.393080711364746 -153.86923162459266 -36.214277898445424 -130.92126553340847 0.03412892900087172
0109 0.34794431924819946 -0.983758807182312 3.3930094242095947 -153.19947317510326 -36.35503801513954 -131.674978368353 0.03725954499896034
0110 0.3452681303024292 -0.9848147034645081 3.399505376815796 -152.13482140301625 -35.28547052671454 -132.8774937760191 0.0404685920002521
0111 0.3421285152435303 -0.984943151473999 3.4032814502716064 -151.772633113555 -35.02229114220751 -133.74599248114123 0.03181968699936988
0112 0.3388793170452118 -0.9819795489311218 3.394322633743286 -151.01807926978944 -35.0548468430555 -134.6736452959634 0.03451905300244107
0113 0.33697637915611267 -0.9849147200584412 3.4061477184295654 -151.3508905061688 -35.61254475552116 -135.37673851791777 0.032544082998356316
0114 0.33165886998176575 -0.9787855744361877 3.3859646320343018 -149.70751101580257 -35.619467156342914 -137.0552097852455 0.03735420100201736
0115 0.32880982756614685 -0.9783458113670349 3.3872482776641846 -149.92557300233244 -35.98305780670743 -138.04387063912264 0.03688280099959229
0116 0.32695308327674866 -0.9781895279884338 3.3907487392425537 -149.6345045947843 -35.34448521147755 -138.240607992266 0.03362255899992306
0117 0.32311302423477173 -0.9748926758766174 3.3830368518829346 -148.98493222842765 -34.247996446380135 -139.2078365272866 0.0334796360002656
0118 0.32061269879341125 -0.976288914680481 3.3914947509765625 -148.6748871733845 -34.28816933910089 -139.90078296572725 0.03282278700135066
0119 0.3174391984939575 -0.9739454388618469 3.3861982822418213 -148.33454001195452 -33.903439316757584 -140.72209440821683 0.033210984998731874
0120 0.3151228725910187 -0.9731193780899048 3.385453701019287 -147.65692538580006 -33.61619314937155 -141.54601960316066 0.034689582000282826
0121 0.31232771277427673 -0.9731179475784302 3.388603687286377 -147.7009373154648 -33.26952023492775 -142.2875024291911 0.03207429699978093
0122 0.3096851706504822 -0.9729433059692383 3.392011880874634 -147.86725642599504 -33.020320692297176 -142.62461151866506 0.029685173998586833
0123 0.3074776828289032 -0.9743132591247559 3.40071177482605 -147.3121471208319 -32.322944916625325 -143.19352092100533 0.03371137500289478
0124 0.3010949194431305 -0.9621939063072205 3.360652208328247 -145.52207799775584 -32.28829976097045 -145.1180670371396 0.034048777000862174
0125 0.29782834649086 -0.9594361782073975 3.3551480770111084 -144.60393385475876 -33.679543703412136 -146.96382704673704 0.0366653140008566
0126 0.2880657911300659 -0.9516788721084595 3.3385140895843506 -143.70703490016297 -30.394358868154235 -148.98222531223965 0.03268818899960024
0127 0.28732454776763916 -0.9552568197250366 3.355750322341919 -144.20043426171017 -30.18836531012804 -148.5534378106733 0.033547276001627324
0128 0.28553009033203125 -0.9557342529296875 3.360088348388672 -144.42868809471076 -29.887374932078423 -149.31104437451768 0.032886311000766
0129 0.2817833423614502 -0.9525706171989441 3.3530209064483643 -143.04508981194047 -28.817422409312233 -149.87670277304008 0.030746144999284297
0130 0.279509961605072 -0.9527683854103088 3.359025001525879 -144.45746871875903 -28.431102519365666 -150.03692746491035 0.03492078700219281
0131 0.27633142471313477 -0.9474971890449524 3.3445584774017334 -142.42751763195992 -28.470937875762417 -151.35511678256 0.03815015299915103
0132 0.2748158872127533 -0.9492071270942688 3.355055570602417 -143.3218113857798 -28.60293618994351 -152.30438493909483 0.033380084998498205
0133 0.2700769901275635 -0.9421483874320984 3.334430456161499 -141.3515010823384 -28.203008483605526 -153.28205956886208 0.03469291000146768
0134 0.26724010705947876 -0.9383119940757751 3.3233041763305664 -142.2063593067565 -27.268078347775678 -153.89977302237585 0.03528615400136914
0135 0.2651391625404358 -0.9379153251647949 3.326449394226074 -141.55773884301334 -26.52247694468701 -154.0147717142929 0.03325101800146513
0136 0.26302164793014526 -0.9381608366966248 3.3318982124328613 -141.72154805941358 -25.658077577828553 -154.39188911268403 0.03493677599908551
0137 0.26105815172195435 -0.9402854442596436 3.344578504562378 -141.58413310060945 -25.355233493339963 -155.0623870950129 0.031066813997313147
0138 0.257598876953125 -0.9326476454734802 3.321157693862915 -140.46155220291692 -25.04817261456706 -156.37784367231137 0.03257219099759823
0139 0.2568812370300293 -0.9353771805763245 3.335360288619995 -141.18559294565853 -24.54301785027947 -156.6794820666348 0.028494332000263967
0140 0.2556707262992859 -0.9383134245872498 3.351168632507324 -141.32308613597817 -24.12419722963823 -157.1051381191839 0.03743505799866398
0141 0.2518746554851532 -0.9321222305297852 3.334151268005371 -141.30141085254576 -23.4850002143865 -157.61151104256226 0.03381186300248373
0142 0.2496928572654724 -0.9294679760932922 3.3289036750793457 -140.5261279202461 -23.144672940597903 -158.25917988614736 0.03223321699988446
0143 0.2480488419532776 -0.9296878576278687 3.335195541381836 -140.60056923958481 -22.698234471061046 -158.8628500973602 0.03853491300105816
0144 0.24552227556705475 -0.9286028146743774 3.336456775665283 -140.12419425997166 -22.434927953462296 -159.89122241157574 0.03331471099954797
0145 0.2412930577993393 -0.9300379753112793 3.356557607650757 -140.73178062053222 -20.361084101855223 -161.18414021641885 0.04004447999977856
0146 0.23678705096244812 -0.9279860854148865 3.3661324977874756 -139.64510795514346 -19.9647878660553 -163.15993132406453 0.03248880899991491
0147 0.2319357693195343 -0.9179553389549255 3.3362653255462646 -139.26542790310663 -19.466520154503073 -164.07380518422443 0.03188832000159891
0148 0.23080748319625854 -0.9177809357643127 3.340480327606201 -139.47321852136233 -18.16305885181762 -163.96277165360007 0.03607168999951682
0149 0.22897423803806305 -0.9169405102729797 3.3438005447387695 -139.14537480579978 -17.82347494117585 -164.8288971842416 0.03415759900235571
0150 0.22601471841335297 -0.9115075469017029 3.3307931423187256 -138.88053266309583 -17.20526947627208 -165.47299719672625 0.034156137000536546
0151 0.22352170944213867 -0.9076254963874817 3.322686195373535 -138.9820488587941 -16.96510604342563 -166.3985877124129 0.03326411199668655
0152 0.22177937626838684 -0.9040520191192627 3.316368818283081 -138.62706667923106 -16.234978606897045 -166.67586026155485 0.03377576999992016
0153 0.2199176698923111 -0.9021322727203369 3.315760850906372 -138.87972135304128 -15.746609932413625 -167.07406858226443 0.039269757999136345
0154 0.21793025732040405 -0.9013334512710571 3.318997621536255 -138.8448127866425 -15.31310405064418 -167.89263270304824 0.03421844400145346
0155 0.21604445576667786 -0.8977602124214172 3.3103251457214355 -138.089381716229 -14.848943189911463 -168.54564874361463 0.0382276960008312
0156 0.2151305079460144 -0.8990074992179871 3.3207225799560547 -138.49196088926058 -13.663066745348937 -168.53215629626797 0.033415570000215666
0157 0.21286162734031677 -0.8945224285125732 3.311577558517456 -137.44413357112722 -14.054136696834773 -169.45757565091213 0.03812115300024743
0158 0.21127821505069733 -0.8924696445465088 3.3097074031829834 -138.0357588864867 -13.4604676553978 -170.344543651271 0.03216566999981296
0159 0.2094012200832367 -0.887118935585022 3.2965328693389893 -137.79177672115665 -13.309646406160798 -170.83779905338866 0.03248848900329904
0160 0.2093091607093811 -0.890045702457428 3.314976453781128 -138.72097047827341 -11.990781913680722 -170.7801169167766 0.04011309500128846
0161 0.2055627852678299 -0.8841214776039124 3.3110246658325195 -136.71690806060658 -11.021937807392085 -172.91531811331018 0.03202772099757567
0162 0.20222705602645874 -0.8766835331916809 3.2897722721099854 -137.61393108689228 -10.491749332346256 -173.7841296982416 0.031334717001300305
0163 0.20044758915901184 -0.8742354512214661 3.2883567810058594 -137.3589555790536 -9.56486987141011 -174.08530042181548 0.03445044199906988
0164 0.19880013167858124 -0.8688164949417114 3.2736692428588867 -136.7127525371743 -9.28316635995387 -174.9137930497534 0.02870611199978157
0165 0.19824254512786865 -0.8683705925941467 3.279574155807495 -137.3706976517362 -8.101474676370081 -174.83466155482142 0.031219296000926988
0166 0.19819998741149902 -0.8702566623687744 3.295753002166748 -137.5512847211028 -8.073562208678416 -175.73405293774982 0.03196737400139682
0167 0.19814501702785492 -0.8722239136695862 3.3089776039123535 -137.55478247009881 -7.681737090962681 -176.35530762430324 0.03300921499976539
0168 0.19619597494602203 -0.8669515252113342 3.2956809997558594 -137.56364717811468 -6.934904000802803 -176.99090200592795 0.03396355899894843
0169 0.19453570246696472 -0.862812340259552 3.2859702110290527 -137.6329956983969 -6.75733398037406 -177.65039298753416 0.03177505600251607
0170 0.19412660598754883 -0.863913893699646 3.298300266265869 -137.78177604006424 -5.717055843478847 -177.9290460045951 0.04034709600091446
0171 0.1928342580795288 -0.8599528670310974 3.2885589599609375 -137.3989534394866 -5.231213281649888 -177.98765768283025 0.03309392300070613
0172 0.19186818599700928 -0.8569626212120056 3.2844409942626953 -137.3205883761512 -4.667185904887849 -178.79880454215186 0.03828476299895556
0173 0.18959325551986694 -0.8499261736869812 3.2651989459991455 -136.1935121386719 -4.825420105529883 -179.50224024423028 0.03281427399997483
0174 0.18935109674930573 -0.8474551439285278 3.264056444168091 -136.9528911397431 -4.00332136081965 -179.79714272595 0.033821698001702316
0175 0.18997417390346527 -0.850584864616394 3.2810330390930176 -137.1371669992556 -3.6895911317742986 179.46469868903094 0.03665601199827506
0176 0.18832390010356903 -0.844444990158081 3.266510486602783 -136.32728852159772 -3.627289374355504 178.7635169041172 0.03828893099853303
0177 0.1877879649400711 -0.84467613697052 3.274332046508789 -137.33533364092312 -3.1379450675768368 178.292862559138 0.033673432997602504
0178 0.1882406324148178 -0.8474388122558594 3.29009747505188 -136.8294360811505 -3.392100685078515 176.78758463051304 0.03313203299694578
0179 0.18632642924785614 -0.8404054641723633 3.269286870956421 -136.81557633612175 -1.970633797793187 177.1458110445976 0.033786476000386756
0180 0.18579867482185364 -0.8379160165786743 3.2687103748321533 -137.3812774353097 -2.6725274795774756 175.86544317680392 0.030641096000181278
0181 0.1859162151813507 -0.838356614112854 3.277427911758423 -137.1189813734104 -0.09988579553387857 176.0690089328255 0.03400414999850909
0182 0.1848474144935608 -0.8300321698188782 3.2514171600341797 -136.78091042833208 -1.1333828715150016 174.5304352578876 0.032684234000043944
0183 0.18488362431526184 -0.8289783596992493 3.256401777267456 -137.34788975376466 0.3917214347116095 174.65895930709192 0.03416339399700519
0184 0.1849071979522705 -0.8275194764137268 3.260601758956909 -137.88645352541403 0.3655641736482583 173.58563694479622 0.03455407000001287
0185 0.1849610060453415 -0.8271076083183289 3.2648727893829346 -138.19095613293706 2.2723306941290446 173.67353933205237 0.034027625999442535
0186 0.1840105652809143 -0.8239467144012451 3.2603020668029785 -137.4762812038962 2.1527469211368366 172.8618439248429 0.03703023200068856
0187 0.1830635815858841 -0.8187549114227295 3.2484500408172607 -137.92176706327524 3.0924525106171648 172.82636982645886 0.03226273499967647
0188 0.18351590633392334 -0.8186140656471252 3.252180337905884 -137.53440889313822 2.074633350727096 171.43367873336064 0.031039528003020678
0189 0.18249931931495667 -0.8116055130958557 3.232259750366211 -137.11401838067127 2.7428095064744693 170.81141978776475 0.0317995229997905
0190 0.18209174275398254 -0.805533230304718 3.2159736156463623 -137.92216542278032 3.6390760963422815 170.66948327662317 0.03480142400076147
0191 0.18177857995033264 -0.8020575046539307 3.2114920616149902 -137.53378784221857 3.6842040042259026 169.5669959471235 0.0335477649969107
0192 0.18197323381900787 -0.8003189563751221 3.211405038833618 -138.1132456981096 5.063991851495206 169.49215366719878 0.03263924299972132
0193 0.18231894075870514 -0.7998434901237488 3.2183094024658203 -138.3692199623848 6.109815804777489 169.36785899140497 0.03319956199993612
0194 0.18276697397232056 -0.8008677363395691 3.2314138412475586 -138.87058623222993 6.468156664655461 168.58106483957198 0.029856814002414467
0195 0.18224716186523438 -0.7956815958023071 3.21551251411438 -138.31601876965337 6.117109203101318 167.57657465611683 0.03379582100023981
0196 0.18280541896820068 -0.7947812676429749 3.221914768218994 -138.73627999131853 7.220835172500355 167.4472939003413 0.032066384999779984
0197 0.18285539746284485 -0.7900380492210388 3.211801767349243 -138.48711143263642 8.358954643586122 167.78387824135817 0.03409751199797029
0198 0.18319815397262573 -0.7895863056182861 3.219850540161133 -139.40308523856388 8.82982077000391 167.0036953540271 0.033896829998411704
0199 0.1833776831626892 -0.7861628532409668 3.2120728492736816 -138.28023385843056 8.889344181573154 166.18181404413508 0.030077769999479642
0200 0.18371981382369995 -0.7798173427581787 3.198490858078003 -138.5857858185336 10.575031989790578 166.46130053395117 0.04290537899942137
0201 0.18456749618053436 -0.7822184562683105 3.214477300643921 -139.63485907403748 10.523181076789111 165.39596205002098 0.03337055099837016
0202 0.18484733998775482 -0.7814944386482239 3.215484619140625 -138.20199428942772 9.297417453995646 164.13133033158783 0.036439195999264484
0203 0.18428803980350494 -0.7740067839622498 3.1935501098632812 -139.26116353004937 12.80097157674444 164.93524916104735 0.03392566999900737
0204 0.18448376655578613 -0.7707691192626953 3.1880311965942383 -139.20106808637917 11.980446591299525 163.78886573430665 0.03364907400100492
0205 0.18495886027812958 -0.7676824331283569 3.184497356414795 -139.1122337527369 12.815670747356153 163.35134098718223 0.0332890799982124
0206 0.18558520078659058 -0.7640445828437805 3.1754376888275146 -139.34682937094703 13.018814838181799 162.85897927480593 0.03385669699855498
0207 0.18681885302066803 -0.7637096643447876 3.1820693016052246 -139.9226415839663 12.931741260858454 161.83464259191757 0.03155050500208745
0208 0.1875491887331009 -0.7624848484992981 3.1858644485473633 -140.36663914806888 13.535327172886294 160.8818983967747 0.031504126000072574
0209 0.1888868510723114 -0.7632047533988953 3.1955151557922363 -141.31392693837307 14.978233020757886 160.61173680401075 0.034853695000492735
0210 0.19051240384578705 -0.7666661739349365 3.2161920070648193 -140.2543404554865 13.777810333141478 159.03645520632563 0.034117717998014996
0211 0.1903657466173172 -0.7598874568939209 3.1962382793426514 -141.07674312132636 15.179018060871943 159.38064613940955 0.032364568000048166
0212 0.19048579037189484 -0.7541825771331787 3.1819310188293457 -140.42151991942924 14.742322677817482 158.27386918850402 0.03054054200038081
0213 0.19160880148410797 -0.7516534328460693 3.17830491065979 -140.62355022474182 16.317877729051315 158.2124240493312 0.033830763000878505
0214 0.19299021363258362 -0.7500160932540894 3.181279420852661 -140.48070778770912 16.360726917259107 157.9981455882758 0.03486206100205891
0215 0.19321227073669434 -0.7458407878875732 3.171091318130493 -141.16554641057232 17.479032424273385 157.87138619200286 0.03735161000076914
0216 0.19460925459861755 -0.7446690797805786 3.1741645336151123 -141.2038586276789 17.32285740876047 156.23694127347497 0.03596072499931324
0217 0.19564548134803772 -0.7402166724205017 3.1624715328216553 -140.61442841583155 17.68172743927773 156.60036374918508 0.0338895959976071
0218 0.19630205631256104 -0.7399247884750366 3.168213129043579 -141.50549082034368 18.475430583347645 155.8158747734673 0.0315317260028678
0219 0.19733110070228577 -0.7400014996528625 3.1765782833099365 -141.99609106119064 18.043958647100876 154.5026451164594 0.034805961997335544
0220 0.19786852598190308 -0.7347167134284973 3.1607773303985596 -141.4477594098269 18.80588525120307 154.64648145940401 0.036707962997752475
0221 0.19930845499038696 -0.7321408987045288 3.1584665775299072 -141.9968530678609 20.040730750678208 154.3055982735993 0.03200102999835508
0222 0.2020280659198761 -0.7363312244415283 3.183739185333252 -143.96047234888186 19.570220642562088 152.68250860106028 0.031724431999464286
0223 0.203670471906662 -0.7332276701927185 3.177668809890747 -141.90953867255575 18.940137427529052 151.49096072927853 0.032598985999356955
0224 0.2049645632505417 -0.7303884625434875 3.173112630844116 -144.30616834451257 21.680549742931998 151.98735164804702 0.03212299499864457
0225 0.206403449177742 -0.7300395369529724 3.1792333126068115 -143.54309062210723 20.85639443253167 150.62604561880767 0.03513499399923603
0226 0.20861868560314178 -0.7301246523857117 3.1910386085510254 -144.7774261696174 23.721278107488605 151.02770117775586 0.0318666419989313
0227 0.2093607485294342 -0.7268956303596497 3.183108329772949 -143.5503993809432 21.830684085104856 149.6359169717546 0.030698569000378484
0228 0.21022465825080872 -0.7211579084396362 3.1648831367492676 -144.61026258737954 23.008185162271577 149.46977788327754 0.03598068700011936
0229 0.2124229073524475 -0.7234763503074646 3.182586431503296 -145.28687486698104 22.85757824235406 148.266773740409 0.032278350001433864
0230 0.21384166181087494 -0.7195384502410889 3.172489643096924 -144.70377876737746 22.937898355584153 147.47048339817476 0.036858983999991324
0231 0.2155466377735138 -0.7167707085609436 3.1679091453552246 -145.61218506753622 24.902347779385064 147.58693634736957 0.03452195900172228
0232 0.21493184566497803 -0.7072839736938477 3.135364055633545 -143.59564102992192 24.845647591683132 147.72974496217742 0.030093484001554316
0233 0.2185838371515274 -0.7088412642478943 3.1510188579559326 -146.30530512049637 25.129877454836105 146.19774182172105 0.034675104998314055
0234 0.21796980500221252 -0.7008898258209229 3.122736692428589 -143.69194138028425 25.214162194689905 146.30201247863258 0.038559684002393624
0235 0.22121961414813995 -0.7030016183853149 3.1389548778533936 -145.57778577955847 25.604064009155838 145.68510717043515 0.038928277001105016
0236 0.22034263610839844 -0.6947173476219177 3.1087255477905273 -144.41228208013177 25.683018927379063 145.09092441671046 0.033267449001868954
0237 0.2235860973596573 -0.6964939832687378 3.1251044273376465 -146.01999430001172 26.603937327887195 144.2987895020141 0.03422473899991019
0238 0.22362087666988373 -0.689518392086029 3.0999701023101807 -145.09557337858564 25.74211227084572 143.35275410049724 0.034338935001869686
0239 0.2272137999534607 -0.691273033618927 3.1174285411834717 -146.5795045221758 27.274402927990465 142.64621103761172 0.03366067699971609
0240 0.2292422354221344 -0.6881870031356812 3.1114611625671387 -146.57753508952862 27.158200781366823 142.11785403725295 0.03535472300063702
0241 0.23168624937534332 -0.686535120010376 3.11163330078125 -146.50723827336162 27.842221914396767 141.29472394340917 0.03221584399943822
0242 0.23546625673770905 -0.6888455152511597 3.128345012664795 -147.86974374446353 27.769845820872398 140.2034708070983 0.03334422099942458
0243 0.23635339736938477 -0.6844844222068787 3.1175670623779297 -147.10507705160038 29.036528681590532 140.04933862650125 0.03641414499725215
0244 0.23839864134788513 -0.6842783689498901 3.1242470741271973 -147.93634803212663 31.626565277957493 140.12895859463032 0.035019429997191764
0245 0.24042126536369324 -0.6794821619987488 3.1082417964935303 -147.572989005312 29.601891676492855 139.05469846869642 0.03590527499909513
0246 0.24157123267650604 -0.6766985654830933 3.1013083457946777 -148.13257725037545 29.935887112938758 138.2257332173718 0.03492156100037391
0247 0.244075208902359 -0.6752568483352661 3.102609395980835 -149.4430407199956 29.872621427536146 136.75711747965101 0.034050428999762516
0248 0.2518039345741272 -0.6696614027023315 3.1002442836761475 -150.3166181423858 30.521428488828338 134.0333178395104 0.030695231002027867
0249 0.25338229537010193 -0.6690473556518555 3.1017351150512695 -150.57165429769157 30.229610894162988 133.7331577318539 0.03245601200251258
0250 0.2544029653072357 -0.6626603603363037 3.0758767127990723 -150.6388502128218 29.438859670217703 132.60553390880023 0.03989613699741312
0251 0.25615018606185913 -0.6594588756561279 3.0708093643188477 -150.3135691341158 30.6445318824244 132.91006974678103 0.033673882000584854
0252 0.25923559069633484 -0.6590685248374939 3.0772440433502197 -150.9173549462453 30.955502764833813 131.88764016753044 0.033221839999896474
0253 0.26124945282936096 -0.6568067669868469 3.0713932514190674 -150.61998209135052 31.32749668006539 131.49461754989127 0.03823669800112839
0254 0.26486533880233765 -0.6562424302101135 3.0723440647125244 -151.36620647650653 31.117582971163635 130.67261421145545 0.030781394998484757
0255 0.26747578382492065 -0.6532540321350098 3.069727659225464 -151.1175870350686 32.45896161492764 130.5200494813468 0.03388336300122319
0256 0.2699858546257019 -0.6525675654411316 3.0710055828094482 -151.9308255004124 32.53337609033945 129.8877871852262 0.035872226999345
0257 0.27237051725387573 -0.6519250273704529 3.0736026763916016 -151.76673055593486 32.08302609776501 128.91373445971672 0.03152420100013842
0258 0.27447158098220825 -0.6491042971611023 3.0674829483032227 -152.6241798750661 33.03172948910099 127.99358006485382 0.03395786699911696
0259 0.2771665155887604 -0.646458089351654 3.0655593872070312 -153.14707660271458 34.79708924208787 127.54623140762219 0.03427776000171434
0260 0.2791060209274292 -0.6446904540061951 3.0589993000030518 -153.93126659317477 35.30647646739043 126.96170956034163 0.03843910299838171
0261 0.2813428044319153 -0.6441395878791809 3.059595823287964 -154.61728374535735 34.73109140843988 125.34365126198038 0.029121848001523176
0262 0.2947516441345215 -0.6471573114395142 3.0948967933654785 -157.2622419642199 35.297391552757595 122.2135247264324 0.03103413300050306
0263 0.29398787021636963 -0.6401901841163635 3.0641562938690186 -157.68002681274223 35.291787725597175 121.36536300472625 0.03119914300259552
0264 0.2979045510292053 -0.6394237875938416 3.067930221557617 -157.38238812410654 35.111055526069414 120.94052001607102 0.037864769001316745
0265 0.3016519844532013 -0.6407843232154846 3.0789077281951904 -158.1302705876805 35.888817884556225 120.24711343332608 0.03718304799986072
0266 0.30443888902664185 -0.6405556797981262 3.080700635910034 -159.56292580111787 35.78210619527514 118.59506015752031 0.03454202699867892
0267 0.30765798687934875 -0.6388588547706604 3.080289602279663 -159.19150738792436 36.2411135311311 117.83751779369516 0.03382747700015898
0268 0.31175726652145386 -0.6394637227058411 3.0890300273895264 -160.52927980575745 37.944002812797486 117.05906345284804 0.03082061099848943
0269 0.31255415081977844 -0.6335745453834534 3.0635428428649902 -161.23085761822318 38.19648977851948 116.20239830517647 0.0335620639998524
0270 0.31702443957328796 -0.6358368396759033 3.0793330669403076 -160.81815574566653 37.74472554265546 115.28889874994479 0.031172345999948448
0271 0.319185346364975 -0.6329540014266968 3.070514678955078 -163.66654280544861 38.635065216794715 113.2594947455697 0.030540925999957835
0272 0.32231345772743225 -0.6329285502433777 3.074268341064453 -163.43088947919392 38.346062771859685 112.78898545500105 0.03299266199974227
0273 0.3249830901622772 -0.6305487155914307 3.0681657791137695 -163.3018767407621 38.60596764017418 112.31250697084454 0.032544854999287054
0274 0.3278121054172516 -0.6283329725265503 3.0657005310058594 -163.7029670527518 39.32935802437021 111.91982549736036 0.035433736000413774
0275 0.3314085602760315 -0.6276058554649353 3.0641860961914062 -163.47749664734235 38.80987095150052 111.58770281188959 0.03590999999869382
0276 0.33470168709754944 -0.6276120543479919 3.069432497024536 -164.48262132017715 38.47163474644308 110.26122086153185 0.031687907001469284
0277 0.3391236960887909 -0.6298732161521912 3.0805716514587402 -166.113927555062 38.0725643281826 108.77309430558091 0.032942352001555264
0278 0.342131644487381 -0.6278812885284424 3.075575351715088 -165.90835942206525 37.09567253341046 107.83558065393348 0.03353521600001841
0279 0.3454510271549225 -0.6284235715866089 3.0799148082733154 -167.6722857856562 36.60200724098637 106.22696295532629 0.03398862399990321
0280 0.3493180572986603 -0.6293045282363892 3.0903286933898926 -168.29272840388083 37.68325706850172 105.73525077772703 0.040570870998635655
0281 0.3530328869819641 -0.6283934116363525 3.0901238918304443 -167.9645748677508 37.39656812024358 104.98501141708138 0.03278149600009783
0282 0.3567492365837097 -0.6290093660354614 3.096116542816162 -169.1187428167173 36.330317227160656 103.69353991069926 0.0340415419996134
0283 0.3594144284725189 -0.627006471157074 3.087495803833008 -169.86575872522832 35.24565672726592 102.91182441408246 0.03560602899960941
0284 0.3642790615558624 -0.6286047101020813 3.09997820854187 -169.65065588549146 36.06832042118357 102.09414005742482 0.029309098001249367
0285 0.3686915338039398 -0.6261234283447266 3.094291925430298 -169.96986882420174 36.804955150386 101.77050895482603 0.03271126499748789
0286 0.3701426386833191 -0.6236233711242676 3.081566333770752 -170.96492686801258 36.304907364531346 100.94140392076667 0.03429540800061659
0287 0.374371737241745 -0.6238851547241211 3.087710380554199 -172.0890628877394 36.88342826620357 99.53963717942732 0.035031368999625556
0288 0.3790629208087921 -0.6253058910369873 3.0987322330474854 -173.0460058619875 37.91311260822949 98.24162060598545 0.03541685399977723
0289 0.3779293894767761 -0.6182817220687866 3.0640573501586914 -173.79662797511088 37.87445950371734 97.12769733505124 0.035281674998259405
0290 0.3783276677131653 -0.6131289005279541 3.037860870361328 -174.5151063852296 37.46426271475633 96.56169921635251 0.03968952899958822
0291 0.3814065456390381 -0.6117603778839111 3.0355031490325928 -174.62667990996442 38.27622995743248 95.7260241756662 0.035390436998568475
0292 0.3872370719909668 -0.6154311299324036 3.055691957473755 -177.39712848778007 36.77172533102992 93.84613778207996 0.02951768100319896
0293 0.39150166511535645 -0.6172849535942078 3.0692172050476074 -177.35113617938225 38.221270849044295 92.60628353639257 0.03452247399764019
0294 0.3944801092147827 -0.6160737872123718 3.0622904300689697 -179.0065557749829 37.83565082116917 91.37948945985134 0.03310937199785258
0295 0.3948202431201935 -0.6112135648727417 3.039548397064209 -179.27438966271382 36.37721353743714 90.68205062287574 0.03996376400027657
0296 0.4018217921257019 -0.6146013140678406 3.06085205078125 -177.14141399582843 39.57340711922235 90.50097655180208 0.03224861000126111
0297 0.4049052894115448 -0.6146684885025024 3.06139874458313 -179.31334167548178 39.08467936259217 89.5677794139752 0.03178496699911193
0298 0.40624311566352844 -0.6117203235626221 3.047882556915283 179.55459301887316 38.06260653850718 88.42986158042612 0.035234453996963566
0299 0.4101974666118622 -0.6122134923934937 3.0521397590637207 179.39854689274966 37.9757130569759 87.6139272831436 0.031204675000481075
0300 0.4114261865615845 -0.6092718839645386 3.036255121231079 178.50883116525887 38.24557235088309 86.30253183299956 0.03857917200002703
0301 0.4146132469177246 -0.6076233983039856 3.0319161415100098 178.91821864835893 39.921231874563816 85.83090882458822 0.03354996100097196
0302 0.4157455265522003 -0.6036666631698608 3.0130975246429443 176.3359163492665 39.6219581708425 84.08647580025853 0.03577524999855086
0303 0.4183504283428192 -0.6028421521186829 3.010289192199707 176.7497207917522 40.04377138307887 83.53458135566598 0.033554618999914965
0304 0.4224546551704407 -0.6051018238067627 3.0200047492980957 175.01620639336838 38.79847343340306 81.93672906794963 0.03007536899895058
0305 0.4263496994972229 -0.6051030158996582 3.023177146911621 174.48518196353297 38.76179178153318 80.76161799373257 0.03849434799849405
0306 0.4296005964279175 -0.6042354106903076 3.0223007202148438 173.09145746874063 39.35437853565256 79.19106070038256 0.03597973700016155
0307 0.4321608543395996 -0.6040408611297607 3.0195116996765137 172.44445006845496 37.96453478874284 78.25198430718973 0.03471049599829712
0308 0.4326636791229248 -0.6002655625343323 2.9997847080230713 170.33590801588656 37.93818104721136 76.52434897535917 0.029609239001729293
0309 0.43851038813591003 -0.6029034852981567 3.0137765407562256 169.1994436797742 38.064506226400674 75.37785965185506 0.030766960000619292
0310 0.44370564818382263 -0.605155348777771 3.0252926349639893 169.0258927262924 38.892657548855205 74.08381855581457 0.03967461399952299
0311 0.44604596495628357 -0.6040970087051392 3.0210063457489014 168.63760893333284 39.66417648617793 73.46698962282323 0.03522903100019903
0312 0.4481967091560364 -0.602268397808075 3.010932207107544 167.36062967606415 39.00990838314499 72.02691155653362 0.037921772000117926
0313 0.45380645990371704 -0.6045968532562256 3.02475643157959 167.01666991177893 38.079369424947956 71.39022760039492 0.036007184000482084
0314 0.4546780586242676 -0.6026444435119629 3.0129566192626953 166.74474718386506 37.932095097875134 70.6114507083273 0.03568420299779973
0315 0.4544958770275116 -0.5993353128433228 2.993147134780884 164.51815506099814 36.91155593560417 68.76289887409195 0.03432372699899133
0316 0.4562254548072815 -0.5965946316719055 2.981663942337036 163.89391764092207 37.858313861176434 67.16626651152811 0.035833542999171186
0317 0.46031391620635986 -0.5973042249679565 2.981285810470581 162.73774719793647 37.3253499788454 66.51967768213838 0.029142510997189675
0318 0.46486786007881165 -0.5993858575820923 2.989576578140259 163.96478352282188 36.87204964681818 66.3604493437613 0.03156371699878946
0319 0.46787527203559875 -0.5991982817649841 2.9877936840057373 162.80015752085188 37.679809486622226 65.24733136675228 0.033757242003048304
0320 0.4725278913974762 -0.5999000668525696 2.992982864379883 163.33732739070632 37.43558838175529 64.61806490319105 0.04086447000008775
0321 0.4760359525680542 -0.6014195680618286 2.9970638751983643 162.75917620949875 37.337640517307285 64.55963589727735 0.031007729998236755
0322 0.4795549809932709 -0.6022019386291504 3.0004706382751465 162.09008280162027 36.96019172781284 63.20930485577742 0.031473838000238175
0323 0.4830400049686432 -0.6025508046150208 2.999011993408203 161.29746335451648 36.91210205198106 61.98617162413671 0.030988606999017065
0324 0.4843534529209137 -0.6011272668838501 2.9903500080108643 160.2662338919897 36.38644948298606 61.56463572633157 0.036230620000424096
0325 0.48482418060302734 -0.5995999574661255 2.9787864685058594 159.51498109809498 35.956173109846894 60.02292468250199 0.039868494000984356
0326 0.487143874168396 -0.5983715653419495 2.972330331802368 159.2186758273545 36.1730393337151 59.09144368036122 0.03415024300193181
0327 0.4919372498989105 -0.600040853023529 2.9778473377227783 157.35573018256335 36.36035547116141 57.57040842115916 0.03242801300075371
0328 0.49520477652549744 -0.6000540256500244 2.978510856628418 159.34778197560115 35.51560034389843 58.3053566836953 0.03650874400045723
0329 0.5018012523651123 -0.6047609448432922 2.995859384536743 158.5146827835681 36.51214884092879 57.173424498070055 0.03504488700127695
0330 0.5059813857078552 -0.6057573556900024 3.001093864440918 158.67572896837743 36.083425088733236 56.87081319508952 0.031693445998826064
0331 0.5115759372711182 -0.6084558367729187 3.01182222366333 158.73650784697784 34.546883990539484 57.084873347845466 0.02968722000150592
0332 0.5162878632545471 -0.6122131943702698 3.0257837772369385 158.2062399625521 33.31014648574398 56.65225023414858 0.028206759998283815
0333 0.5219147801399231 -0.6148766279220581 3.03645396232605 159.23733162297145 34.113867143062244 55.89323718106847 0.036479703998338664
0334 0.5283235907554626 -0.6182144284248352 3.0503556728363037 158.0269164317024 35.150125176080294 54.84494605493414 0.034620951002580114
0335 0.5317516922950745 -0.619928240776062 3.056506395339966 157.94915660491685 34.936112943049224 53.76680546103527 0.043421728998509934
0336 0.534695029258728 -0.62060546875 3.056138515472412 157.48767407216778 34.65269476661728 53.31591044069954 0.0318784080009209
0337 0.540694534778595 -0.6238535046577454 3.069295883178711 158.02756060924787 35.03851625869143 52.74233921802888 0.030336329000419937
0338 0.5454440116882324 -0.625650942325592 3.077108383178711 157.1173687322961 34.83480219114243 51.929225238120345 0.03569545500067761
0339 0.5463651418685913 -0.624984622001648 3.0694594383239746 155.72722039282425 33.780373618667795 50.831656443378215 0.031362515001092106
0340 0.5485572814941406 -0.6246038675308228 3.0642271041870117 156.38839803895442 33.91147005015972 50.510786131296776 0.038014845002180664
0341 0.5528565049171448 -0.6261911392211914 3.0670292377471924 154.80262555817788 33.992896973491 48.8095687911036 0.031247386999893934
0342 0.5561363101005554 -0.6281543374061584 3.0706470012664795 155.01750437366917 32.997375614498864 48.790556893348544 0.03470543299772544
0343 0.5572341680526733 -0.6273500323295593 3.0620412826538086 154.06995799314794 32.740060646896325 47.565953447098245 0.036949821002053795
0344 0.5610229969024658 -0.6286289691925049 3.0637025833129883 153.41600483036174 31.57907168933758 47.101325165030005 0.02949190200160956
0345 0.5637497305870056 -0.6290795803070068 3.0617618560791016 152.76858142417413 31.02649501802121 45.89069956151917 0.03164300999924308
0346 0.5641364455223083 -0.6279988884925842 3.051331043243408 152.7367304233543 31.64748368324857 44.76887594202256 0.033254357000259915
0347 0.5651618838310242 -0.6268693208694458 3.043567419052124 150.90045706903655 31.0534509246066 43.52022788992788 0.034788914999808185
0348 0.5708824396133423 -0.6294729113578796 3.054342746734619 151.0940463904055 32.16304426664209 42.398024569342255 0.034015363999060355
0349 0.5752142071723938 -0.6327826976776123 3.0645978450775146 150.6634983162744 30.704406625449103 41.98698989295149 0.03217273100017337
0350 0.5787848234176636 -0.6351985335350037 3.067387104034424 150.45960927005177 29.371300721229982 41.93815040748731 0.03921096900012344
0351 0.5817681550979614 -0.6357755661010742 3.0671088695526123 150.34401228297867 30.414194681784302 40.719446421248485 0.034061135000229115
0352 0.5834383368492126 -0.6357527375221252 3.062687635421753 148.09825882789448 29.360973005656838 39.77788362162158 0.0362019659987709
0353 0.5818291306495667 -0.6324114799499512 3.0420420169830322 149.29532044935291 29.195191165878942 39.46722325618661 0.03514657299820101
0354 0.5881142616271973 -0.6374360918998718 3.0600764751434326 149.05552664125045 28.226531809765678 39.148909267923244 0.03368273500018404
0355 0.5915482640266418 -0.638725757598877 3.0613622665405273 148.10375092188247 27.952773244966988 38.27503493640149 0.03687676799745532
0356 0.5958324670791626 -0.6420924663543701 3.071207284927368 149.00706140305388 27.75879487861122 37.74708229393712 0.03473453100014012
0357 0.5991236567497253 -0.644712507724762 3.078252077102661 147.95741926218128 27.01484514131366 36.93885974101226 0.037898329999734415
0358 0.6007080078125 -0.6447380185127258 3.072235345840454 146.80731388898903 26.223174501417514 36.243054390287696 0.034534600999904796
0359 0.6044803261756897 -0.6465310454368591 3.0736451148986816 147.33206963598315 25.747710707133425 35.79761862264607 0.032995576002576854
0360 0.6051387786865234 -0.6467146277427673 3.072359085083008 146.97312277393146 26.4525425062092 34.6481204484805 0.032853662996785715
0361 0.6111680865287781 -0.6517517566680908 3.0892982482910156 146.59962119980634 24.615555445658664 34.436373298529965 0.03290635200028191
0362 0.6184738278388977 -0.6573408842086792 3.1100215911865234 147.13853513386317 23.02121147113701 34.54488415265725 0.03245763800077839
0363 0.6167519092559814 -0.6547654271125793 3.0933444499969482 146.43617461075152 23.996364212158568 33.08929056883177 0.04091449699990335
0364 0.6219173073768616 -0.6587307453155518 3.1066348552703857 146.60342954836645 23.300134223430952 32.7481630319259 0.03221346400096081
0365 0.6240301132202148 -0.6596505641937256 3.104416608810425 146.3910351710579 23.057944903189995 32.020200596878716 0.038455407000583364
0366 0.6286333799362183 -0.6632946133613586 3.1162564754486084 145.4265268152494 21.952990458531286 31.379967998404503 0.034616037002706435
0367 0.6306654810905457 -0.6646196246147156 3.1165788173675537 145.73413903670294 21.99399866995841 30.57689192609508 0.03362246399774449
0368 0.632768988609314 -0.6663015484809875 3.1145663261413574 145.19649614588718 21.892695733277854 29.504881376227964 0.03588038599991705
0369 0.6304836273193359 -0.6630666851997375 3.09490704536438 143.05914359234308 21.268517028134372 28.618358376537913 0.03281953099940438
0370 0.6344072222709656 -0.6653964519500732 3.10223650932312 145.02347170007994 21.12893883314077 28.49536300033501 0.03936484700170695
0371 0.6443821787834167 -0.6750279664993286 3.1386027336120605 145.25727572304365 20.568897210917942 27.838182220266717 0.03557139199983794
0372 0.6464896202087402 -0.67638099193573 3.140685558319092 143.9773405715418 19.587919374102466 27.004804335077814 0.03622984799949336
0373 0.6476074457168579 -0.676224946975708 3.1328747272491455 144.40146979106382 19.42019653114719 26.547791480366556 0.03317896400039899
0374 0.645905077457428 -0.674397885799408 3.1178345680236816 143.26307459056588 18.86150970774374 26.09078439864464 0.036396518000401556
0375 0.6474215388298035 -0.6752755641937256 3.1158745288848877 143.51963786102132 18.998652995481567 25.40406044019414 0.03301228299824288
0376 0.64643794298172 -0.674410343170166 3.100783586502075 142.17526633737066 17.837129627763282 24.860509950261932 0.03504894399884506
0377 0.6475873589515686 -0.6747942566871643 3.0979607105255127 142.29931325222697 18.397576432279358 23.64109630185952 0.03374242399877403
0378 0.6494802832603455 -0.6768877506256104 3.099717140197754 142.06241091530228 17.981057783788778 22.978044407776682 0.038494743002956966
0379 0.6515054106712341 -0.6779049038887024 3.098762273788452 141.14382812087968 16.483266020237703 22.886041564756283 0.033170257996971486
0380 0.6531423926353455 -0.6788454651832581 3.097136974334717 141.3732829169882 16.44209771529234 22.307373163162552 0.038941411999985576
0381 0.6548795104026794 -0.6805828213691711 3.09908390045166 141.63417824479174 16.151707161929732 21.51106603025337 0.03310638699986157
0382 0.6546412110328674 -0.6807980537414551 3.0915660858154297 140.79384390133546 15.680597293705999 20.758675642710557 0.0309605010006635
0383 0.6561823487281799 -0.6819491982460022 3.0882349014282227 140.82112612337895 14.890752722033055 20.322769306270562 0.03403203099878738
0384 0.6616642475128174 -0.6879627108573914 3.1073222160339355 141.25212674225455 15.566051423710077 19.10191207040233 0.0332340889981424
0385 0.6613353490829468 -0.6876555681228638 3.100375175476074 139.86378020927978 15.339995994889758 18.2464243700115 0.03470090699920547
0386 0.6655789613723755 -0.6919799447059631 3.1119039058685303 140.7091935099017 14.394514284921494 18.285602297082164 0.035122380999382585
0387 0.6646848320960999 -0.690333366394043 3.0971338748931885 139.49865546276027 13.597260796587964 17.712267391846257 0.0352970899984939
0388 0.6719379425048828 -0.6980232000350952 3.126622438430786 140.38073631957414 12.890725356348558 17.70014179023085 0.03090684800190502
0389 0.6731573939323425 -0.6994415521621704 3.1249778270721436 140.51144806710712 14.435218448895727 15.541377342140477 0.031863582000369206
0390 0.6714790463447571 -0.6983852386474609 3.110938787460327 138.9497977636633 11.330470914469988 15.686864471380625 0.03596738600026583
0391 0.6750086545944214 -0.7027373313903809 3.1240644454956055 140.19418984427998 12.389776251471476 14.780568674424751 0.03465563999998267
0392 0.677098274230957 -0.7058096528053284 3.1286990642547607 139.70904881795138 11.434947534310638 14.213492571462604 0.03195673399750376
0393 0.6791694760322571 -0.7084015011787415 3.1302413940429688 139.11824819184116 10.759567155765808 14.108340721413608 0.03398431900131982
0394 0.6800141930580139 -0.7092702984809875 3.128892183303833 139.16402718477542 10.661235602145785 13.476155784570878 0.0344036460010102
0395 0.6793615221977234 -0.708926796913147 3.1203536987304688 139.11777430889913 10.71530809515557 12.746408919467656 0.03698852299930877
0396 0.6767888069152832 -0.7065252065658569 3.1039271354675293 138.11359402693262 9.12792792692677 12.818850564527882 0.03397490499992273
0397 0.681776225566864 -0.7124475240707397 3.1208834648132324 139.35653630103792 9.041445840401286 12.16042762033455 0.03180943600091268
0398 0.6806354522705078 -0.7124685049057007 3.1124649047851562 138.62563206584832 8.72173537560009 10.844909403263328 0.036612772000808036
0399 0.6793002486228943 -0.7124115824699402 3.104064702987671 138.58858278754622 8.602325844469375 10.246666702889407 0.03778111599967815
0400 0.6823041439056396 -0.7162291407585144 3.1120924949645996 138.10357445794608 8.311329797873707 9.708959547095116 0.036478555000940105
0401 0.6818015575408936 -0.7163187265396118 3.1061463356018066 137.8680261651227 8.182584567637816 9.310570267085472 0.0345586559997173
0402 0.6852407455444336 -0.7209756970405579 3.118691921234131 138.07753827166977 7.6138518337359775 8.875827999121944 0.034281693002412794
0403 0.6874468326568604 -0.7234808206558228 3.1228137016296387 138.1570779219267 7.243611576238771 8.587463354559016 0.030032819999178173
0404 0.6874484419822693 -0.724297821521759 3.1187427043914795 137.96709547236836 7.379330103308207 7.304386044125584 0.03711434800061397
0405 0.68809574842453 -0.7262521386146545 3.1181068420410156 136.85698125834213 6.124129873877354 7.014748680012349 0.03459321899936185
0406 0.6929023861885071 -0.7324638962745667 3.139571189880371 138.68232898051144 5.525088170842758 6.513919254042504 0.03405851699790219
0407 0.6926054358482361 -0.7336580753326416 3.1351661682128906 137.5789364272479 5.578059070002393 5.359884855626498 0.03303209400110063
0408 0.6917130351066589 -0.733957052230835 3.128547191619873 137.1369343136038 4.319214814317265 5.3464876488700135 0.035133697998389835
0409 0.695717990398407 -0.7398837208747864 3.145589590072632 137.5233366217311 3.1585868177466008 5.484802774713707 0.03231054400021094
0410 0.7017903327941895 -0.7467600107192993 3.16837215423584 138.55493157024858 4.221135691010415 4.0871245591002445 0.03930237199892872
0411 0.6985304951667786 -0.743970513343811 3.1496803760528564 137.4883523023239 4.012133792821592 3.4374382519791338 0.03253089800273301
0412 0.6985722780227661 -0.74556964635849 3.147770643234253 137.04248403949083 1.6793922799711951 3.8000249456921273 0.030225662001612363
0413 0.7059469819068909 -0.7549496293067932 3.1794450283050537 138.2001272844602 1.6089946873610732 3.2942378148219507 0.03505421999943792
0414 0.705544114112854 -0.7561660408973694 3.1764543056488037 137.8614530627795 1.5247837184989455 2.328562319652567 0.035511022000719095
0415 0.7065544128417969 -0.7585755586624146 3.17958402633667 137.32349080879615 1.6881788793025532 1.5997037989405318 0.0367528909991961
0416 0.7045600414276123 -0.7583526968955994 3.1716320514678955 137.03075791797025 0.8678528629719239 1.1497093263962412 0.031027664001157973
0417 0.7044830918312073 -0.7604447603225708 3.1712000370025635 137.72940722491825 0.14202228086943544 0.7518166929527097 0.03269423399979132
0418 0.7037642598152161 -0.7613317370414734 3.166337251663208 137.34270240247645 -0.46922408887209777 0.07483502419553656 0.029755474999547005
0419 0.7057624459266663 -0.7645529508590698 3.1739840507507324 137.5705203281667 -0.1502047549624515 -0.789198708390787 0.03428819900000235
0420 0.7044461369514465 -0.7649392485618591 3.167717933654785 137.14837148531652 -0.23778907396500526 -1.5478458193694296 0.03260261100149364
0421 0.703248143196106 -0.7652242183685303 3.160672664642334 136.92394730984063 -1.2929260920133614 -1.8702405184913407 0.03112841799884336
0422 0.7041398286819458 -0.7682445645332336 3.163691520690918 136.9611005258427 -2.3039748804736764 -1.9053125663546855 0.029882004997489275
0423 0.7068819999694824 -0.7733946442604065 3.1786935329437256 137.72461741024458 -2.710962590310998 -2.144650082873213 0.029600537000078475
0424 0.7084451913833618 -0.7778273820877075 3.187640905380249 137.7553643633293 -2.852348280111053 -3.2823923997540847 0.03506204199948115
0425 0.7046723961830139 -0.776317834854126 3.1715917587280273 137.44909547066172 -2.8682079460962404 -4.201370936993809 0.03687248799906229
0426 0.7032647132873535 -0.7766892910003662 3.166599988937378 137.25369341415228 -3.6105950834949643 -4.603938984224332 0.03447381599835353
0427 0.7031425833702087 -0.7782644033432007 3.1673243045806885 137.62089443345928 -4.87350322466123 -5.025432280953548 0.032109699001011904
0428 0.7065324783325195 -0.7838183045387268 3.1819002628326416 138.28572476930628 -5.004021297003491 -5.6248069336485065 0.03052790199944866
0429 0.7069427967071533 -0.7869241833686829 3.1848528385162354 137.86166088145467 -5.504563451449384 -6.4325260497382395 0.030307299999549286
0430 0.7070431113243103 -0.7890157699584961 3.1874284744262695 137.8384635068396 -6.17321988507289 -6.536695148184162 0.036784250998607604
