timestamp x_robot y_robot z_robot roll_robot pitch_robot yaw_robot runtime
0000 -0.11170421540737152 -0.5224101543426514 2.2975845336914062 -150.27324641896755 -35.66312477117536 -131.5389315492353 2.343081364997488
0001 -0.11925943195819855 -0.5243450999259949 2.315666437149048 -150.89251409427936 -34.50465680835859 -132.99392364782594 0.03677952499856474
0002 -0.12271833419799805 -0.5271152853965759 2.3308284282684326 -151.2595230990077 -33.928539074134555 -132.60733326337512 0.03594026600330835
0003 -0.12493997067213058 -0.5240753889083862 2.3202052116394043 -149.92693247159346 -33.32493892498783 -133.7057559329291 0.037282572004187386
0004 -0.12623435258865356 -0.5222234725952148 2.313182830810547 -149.24258773634176 -34.03164991154512 -135.11848822853383 0.03737316500337329
0005 -0.1283903568983078 -0.5212337374687195 2.31097412109375 -148.22696573897625 -33.80468977039663 -136.27563961872193 0.03879617500206223
0006 -0.131259948015213 -0.5221753120422363 2.3180415630340576 -148.6393365972732 -32.62047586249348 -136.79109745295645 0.03651107900077477
0007 -0.13367877900600433 -0.5213340520858765 2.317331314086914 -147.5969726917323 -32.464825120731014 -137.97892330065372 0.033186372005729936
0008 -0.13551339507102966 -0.5196528434753418 2.3134334087371826 -147.68165905427537 -31.9708252862422 -138.0867882545484 0.03477676100010285
0009 -0.13761770725250244 -0.5181505084037781 2.3098580837249756 -147.65038466954152 -32.27394244701717 -139.00518939155987 0.03614598500280408
0010 -0.1407189667224884 -0.5178803205490112 2.3122239112854004 -147.25955133723014 -31.67461512666145 -139.77289509778151 0.03556792200106429
0011 -0.14270728826522827 -0.5185803771018982 2.3185653686523438 -147.31116884556764 -31.218483064574738 -140.03020326690975 0.03395488599926466
0012 -0.14510393142700195 -0.5177396535873413 2.317396879196167 -146.8842309187939 -30.668519716562116 -141.15915077950768 0.03658021899900632
0013 -0.14743846654891968 -0.5156142115592957 2.3115668296813965 -146.5475013833202 -29.797704591281008 -141.5716563477418 0.033944973001780454
0014 -0.14890462160110474 -0.5129171013832092 2.3032453060150146 -145.99125451892948 -29.943085046084256 -142.43975562609978 0.038159051997354254
0015 -0.1503669023513794 -0.5110635757446289 2.297605037689209 -144.89647592601617 -29.984840536623842 -143.52268070474233 0.03892331200040644
0016 -0.15283650159835815 -0.5111454725265503 2.3017168045043945 -144.8132652403855 -30.282520243211554 -144.96322768105594 0.032619397999951616
0017 -0.1571744978427887 -0.5156094431877136 2.326874256134033 -144.7435592645855 -29.14087311995059 -145.5839262742798 0.03192456199758453
0018 -0.15866707265377045 -0.5137230753898621 2.32289719581604 -145.18109054120964 -28.76173251328506 -145.57827833323674 0.03334143399843015
0019 -0.1603011041879654 -0.5109723210334778 2.3147945404052734 -144.4698153890669 -28.27257696946457 -146.21553299821042 0.03373900500446325
0020 -0.16245855391025543 -0.5090158581733704 2.3091928958892822 -144.47258026615768 -28.40640831790359 -147.1874603158985 0.03927262799697928
0021 -0.16371500492095947 -0.5057514905929565 2.2975330352783203 -143.42452032249196 -28.362614582406135 -148.54470611984468 0.035507820000930224
0022 -0.16613920032978058 -0.5062878131866455 2.303757667541504 -143.75685720381753 -27.270121719052305 -148.74229269781495 0.0332949430012377
0023 -0.16777566075325012 -0.5030300617218018 2.2940571308135986 -142.9824029436827 -26.383897992863872 -149.26767715618334 0.03641736999998102
0024 -0.1711568534374237 -0.5038822889328003 2.3046963214874268 -143.77159593904537 -25.42526546967633 -149.11080851231753 0.03424405500118155
0025 -0.1721726357936859 -0.5011833310127258 2.2967007160186768 -142.43434012778567 -25.320749350762423 -150.0479920103564 0.03427351600112161
0026 -0.17380383610725403 -0.4994562566280365 2.2932703495025635 -142.35888718492407 -25.60057230216954 -151.24473540412149 0.032659179996699095
0027 -0.17603999376296997 -0.4989272952079773 2.29436993598938 -142.1772735867518 -26.219878047904135 -152.62177350629977 0.031475746000069194
0028 -0.17746244370937347 -0.49696218967437744 2.2878804206848145 -140.8710288755975 -25.92020096373761 -154.0523047351858 0.031069060001755133
0029 -0.17995993793010712 -0.49634936451911926 2.2906653881073 -141.19729645839297 -24.82934446767748 -154.2470358295553 0.03438186899438733
0030 -0.18139725923538208 -0.4944780468940735 2.2867777347564697 -141.0603277042687 -24.825400371416773 -154.73892136158713 0.03426536299957661
0031 -0.18341563642024994 -0.4929409921169281 2.2843165397644043 -141.0837150741458 -24.782368163361078 -155.7414537408805 0.03286690099776024
0032 -0.18493346869945526 -0.49122610688209534 2.2807765007019043 -140.8109355567554 -24.108336039720538 -155.95172324642635 0.03465777500241529
0033 -0.18632559478282928 -0.48896607756614685 2.276479959487915 -140.6128405465707 -22.81572598987985 -156.13114349294122 0.03912839599797735
0034 -0.18749362230300903 -0.4859282076358795 2.2681169509887695 -139.71470110758275 -22.35033191592377 -157.27910254578154 0.03481044199725147
0035 -0.1903032511472702 -0.48705655336380005 2.2772490978240967 -140.98471640804905 -19.70203098771628 -157.05642326992054 0.03441920299519552
0036 -0.1956331431865692 -0.4854278266429901 2.2844364643096924 -139.80456946636195 -18.28475458181749 -158.11130132634844 0.03370268200524151
0037 -0.19664007425308228 -0.4822861850261688 2.2762224674224854 -139.25836946781712 -17.749309924041906 -158.6078727183464 0.03426092999870889
0038 -0.19834186136722565 -0.48144614696502686 2.2782816886901855 -139.9834824344028 -17.50820721193471 -159.27417998355054 0.03856176599947503
0039 -0.19985173642635345 -0.4793034493923187 2.2754709720611572 -139.71652002676808 -18.571259505787236 -160.43275119823977 0.03856850799638778
0040 -0.2013320028781891 -0.478386789560318 2.2771825790405273 -139.6083929887979 -17.357082370909094 -160.94085989886986 0.03333494199614506
0041 -0.20268245041370392 -0.4768143594264984 2.2763357162475586 -138.7030428462779 -16.34412609901347 -161.52732346540657 0.037462257998413406
0042 -0.20519228279590607 -0.47686243057250977 2.2822206020355225 -139.98818366582114 -15.889262733652597 -161.9906950479878 0.031598458997905254
0043 -0.20648492872714996 -0.4748196303844452 2.2774670124053955 -138.59185930796377 -15.38300031091966 -162.48312151571253 0.038852628000313416
0044 -0.20822970569133759 -0.47454866766929626 2.2810637950897217 -139.2575836417547 -15.613381795443214 -163.42311915953493 0.03218372300034389
0045 -0.21072347462177277 -0.47508105635643005 2.291106939315796 -139.13582893696764 -15.11627400916675 -164.02830966799246 0.03602627600048436
0046 -0.21251289546489716 -0.4736664593219757 2.2905499935150146 -139.45582336515517 -14.257262958631825 -164.5181290123374 0.03694236099545378
0047 -0.21310481429100037 -0.47045353055000305 2.2819480895996094 -137.96076153381208 -14.359614554113646 -165.39879325416464 0.034731758998532314
0048 -0.21300610899925232 -0.4669208526611328 2.2705395221710205 -137.95657828401357 -14.191587410989552 -166.58764859176912 0.03380946100514848
0049 -0.21517306566238403 -0.4668464660644531 2.276346445083618 -138.40959170931782 -13.507606055536124 -167.3296199868318 0.03386660599790048
0050 -0.21569451689720154 -0.4631456732749939 2.265207529067993 -138.31520916331243 -13.343259057138 -167.92583133279473 0.03951416099880589
0051 -0.21610210835933685 -0.4606878459453583 2.258084774017334 -138.2125708912038 -12.70054418874453 -168.32939389239098 0.03387223999743583
0052 -0.2167331427335739 -0.4582090377807617 2.252487897872925 -137.34905177368154 -12.296610786526674 -169.0962859639894 0.035598760994616896
0053 -0.21938419342041016 -0.45890140533447266 2.263392686843872 -138.44677942246526 -11.19129753599903 -169.41931364851945 0.034499010995205026
0054 -0.22066496312618256 -0.45760083198547363 2.2645130157470703 -137.73742532798371 -11.493824981993296 -170.30500759757766 0.034840959997382015
0055 -0.22147414088249207 -0.4559791684150696 2.263063669204712 -137.7161261235497 -10.39903307806274 -170.41063876615357 0.032048683999164496
0056 -0.22190643846988678 -0.4532961845397949 2.2572219371795654 -137.93309376294476 -9.33999778602444 -170.56710180516242 0.03283950799959712
0057 -0.223787322640419 -0.45236527919769287 2.2600178718566895 -138.00905383272914 -8.342630310297885 -170.83588332087464 0.038415358001657296
0058 -0.22468039393424988 -0.45129528641700745 2.260676145553589 -138.00837107075174 -8.416100674781665 -171.74892739577368 0.033922757997061126
0059 -0.22524406015872955 -0.4486175775527954 2.2538702487945557 -138.01645985786743 -7.2317864738590485 -171.79516523648113 0.039518099001725204
0060 -0.2258133441209793 -0.4461282789707184 2.248831033706665 -137.6966990885331 -6.6222926911545175 -172.4370812738597 0.0341187650046777
0061 -0.22712558507919312 -0.44514745473861694 2.2505693435668945 -137.75253588923277 -6.483983771231589 -173.31562487411543 0.034291244999621995
0062 -0.22711926698684692 -0.4426339268684387 2.2438156604766846 -137.48628612668375 -6.590979155681439 -174.28634554379576 0.033894621999934316
0063 -0.22807469964027405 -0.44059258699417114 2.241163969039917 -137.42377757814128 -5.623627294497672 -174.59769150140872 0.030973290995461866
0064 -0.22987477481365204 -0.4400147497653961 2.248107671737671 -137.82888682796707 -5.135299679587554 -175.40380216183482 0.030109670005913358
0065 -0.23020455241203308 -0.4382185935974121 2.2447011470794678 -137.61892675909394 -4.6238971692220865 -175.82437186283843 0.03284073999384418
0066 -0.23082515597343445 -0.43661442399024963 2.2438576221466064 -137.2452846135076 -3.603143213233357 -176.17427259947874 0.033281811003689654
0067 -0.23119276762008667 -0.4334774613380432 2.235944986343384 -137.2640952782372 -2.859415845102385 -176.25213596930553 0.03336149499955354
0068 -0.23280447721481323 -0.43379852175712585 2.2456936836242676 -137.51788228927816 -2.7038820501122918 -177.3388364473562 0.04340696400322486
0069 -0.2336570769548416 -0.4323974549770355 2.2452945709228516 -137.72050435144584 -1.6587136079134648 -177.4067886080641 0.03232542600017041
0070 -0.23415715992450714 -0.4305482804775238 2.243328809738159 -137.65660756541556 -1.5585656125972318 -178.1056067076544 0.03267284000321524
0071 -0.23477378487586975 -0.4280586838722229 2.2400317192077637 -137.5027713244036 -1.350463478201031 -178.8519077367607 0.030168732002493925
0072 -0.23452061414718628 -0.42514875531196594 2.2318615913391113 -137.66585964349812 -1.2887149001601286 -179.6062518333855 0.03249250299995765
0073 -0.23502904176712036 -0.42341145873069763 2.230994701385498 -138.05689070253965 -0.2547497029817287 -179.9564797997973 0.0349992210030905
0074 -0.23524512350559235 -0.42049673199653625 2.2247414588928223 -137.513148887057 0.782740673248064 179.818353294679 0.034257403000083286
0075 -0.23596379160881042 -0.4187770187854767 2.224623203277588 -137.7830828877827 0.9466097775864573 179.0591454254638 0.03548022599716205
0076 -0.23674796521663666 -0.4178963601589203 2.2257888317108154 -136.5680492744204 0.6725958653073736 178.07899426149555 0.03367662300297525
0077 -0.23757688701152802 -0.41696733236312866 2.22929310798645 -138.3149856351481 1.809152776340912 177.81342393924987 0.043074292996607255
0078 -0.23720109462738037 -0.41354528069496155 2.219775438308716 -137.07414986616638 1.6860098944697692 177.22511380344616 0.033176302997162566
0079 -0.2374817430973053 -0.4124253988265991 2.2205934524536133 -137.80706481677888 1.6968358747574752 176.39491727837114 0.03176215599523857
0080 -0.23743104934692383 -0.4102102518081665 2.2164816856384277 -137.95165136940972 2.109647756912921 175.7753409023408 0.032817778999742586
0081 -0.23750586807727814 -0.4078925549983978 2.2134861946105957 -137.69684703165868 2.5998457102859565 175.03920515159658 0.034202966999146156
0082 -0.23727375268936157 -0.4053366780281067 2.208935260772705 -137.81387923093388 3.6602203897466303 174.89392341517123 0.029849813996406738
0083 -0.23694787919521332 -0.402828574180603 2.2024741172790527 -137.69785891407508 4.479050069059256 174.42501068128618 0.03384061899851076
0084 -0.23781412839889526 -0.40181097388267517 2.205598831176758 -137.57586896758596 3.9000083264036416 173.30164665955914 0.034265643000253476
0085 -0.23833905160427094 -0.400118350982666 2.205808639526367 -138.2014233901014 4.7460027775908475 172.9099595549412 0.033570731997315306
0086 -0.23761342465877533 -0.39763301610946655 2.1991896629333496 -137.79215142955874 4.672462753984551 171.74306344116593 0.039979626999411266
0087 -0.23772414028644562 -0.39607325196266174 2.199347734451294 -138.47992170734474 5.226654867842329 171.19522945389687 0.031101405998924747
0088 -0.23759007453918457 -0.39384812116622925 2.1969361305236816 -138.57146239663348 5.203469983727584 170.39083046887305 0.03074171399930492
0089 -0.23674210906028748 -0.39087411761283875 2.189377546310425 -138.95383435594337 6.02403569901647 170.0387073458818 0.03474356499646092
0090 -0.2361363172531128 -0.3885495364665985 2.1847355365753174 -138.413956018746 6.875146296012497 169.8709271712041 0.03409190900129033
0091 -0.23728857934474945 -0.3885817527770996 2.193115234375 -138.84426990150845 7.057021839391009 169.19441699829878 0.036028503003763035
0092 -0.2378055453300476 -0.38662847876548767 2.1919219493865967 -139.23922192575554 7.667152775197624 168.77920871921265 0.0334641660010675
0093 -0.23728398978710175 -0.3845568895339966 2.1868388652801514 -138.56399426992053 7.771617786619513 167.9910969024401 0.033473024996055756
0094 -0.23614154756069183 -0.381474107503891 2.1779823303222656 -138.82260682272437 9.424596144752808 167.86991063584955 0.034457576999557205
0095 -0.23669399321079254 -0.3804754316806793 2.1831207275390625 -139.03075316477432 9.222213757321308 166.7836801719484 0.03758123099396471
0096 -0.23530590534210205 -0.37678444385528564 2.171269416809082 -139.29595728105895 9.567462598506394 166.28744235771777 0.034985721998964436
0097 -0.2366839051246643 -0.3781712055206299 2.1881279945373535 -139.8775733846849 10.2453414479699 165.9202842563936 0.034077651995175984
0098 -0.23662082850933075 -0.37616318464279175 2.1863770484924316 -139.51373862017007 12.035938108247928 165.9431328351075 0.034135752997826785
0099 -0.23646394908428192 -0.37358933687210083 2.183647871017456 -139.4394074127172 12.90195778580912 165.82432679867102 0.033466583998233546
0100 -0.23622950911521912 -0.37255051732063293 2.184077739715576 -139.85494729834147 13.329565896773799 164.94022057507655 0.035240771001554094
0101 -0.2336292415857315 -0.3677140176296234 2.1641876697540283 -139.23224996190197 14.164907060318505 164.70404784136156 0.032398003997514024
0102 -0.23460067808628082 -0.3672519326210022 2.1719186305999756 -140.21968876377417 14.652481323156845 164.0173877946038 0.032627910004521254
0103 -0.23289525508880615 -0.36380770802497864 2.1623339653015137 -139.57963607780445 13.950465586488058 162.80189025785137 0.03623347599932458
0104 -0.23204468190670013 -0.36265334486961365 2.161228656768799 -140.35215356770954 13.181985840194875 161.45288092902294 0.04087990900006844
0105 -0.23192492127418518 -0.36204761266708374 2.1673967838287354 -141.51231609641894 13.82232746981733 160.75801640670838 0.03658592199644772
0106 -0.23168779909610748 -0.36027857661247253 2.166914701461792 -141.164115380064 14.282804822334505 160.59297499187585 0.03316917200572789
0107 -0.23115669190883636 -0.3583535850048065 2.1637074947357178 -141.209064462577 15.694934477226026 160.29416515721516 0.03366925199952675
0108 -0.23115421831607819 -0.3576955199241638 2.168968915939331 -141.7913308788796 16.262742970315703 159.6995379572923 0.03247774900228251
0109 -0.23038911819458008 -0.3556831181049347 2.1648919582366943 -141.4601192693944 15.360852866207928 158.63598870405283 0.03342353599873604
0110 -0.23077206313610077 -0.35474905371665955 2.1708273887634277 -142.27552250846736 16.808394898088785 158.0446423091308 0.03714109599968651
0111 -0.23092122375965118 -0.35382279753685 2.1753652095794678 -142.82100035009591 17.329975582927165 157.90773458834704 0.03815530100109754
0112 -0.2296111285686493 -0.3516555428504944 2.1706278324127197 -142.35054852555547 17.771527779142268 156.9026725461743 0.033093217003624886
0113 -0.2277643382549286 -0.3484044075012207 2.1610939502716064 -142.65262780914546 18.213754064677406 156.28705583397243 0.03651199799787719
0114 -0.22715449333190918 -0.34708163142204285 2.1619873046875 -143.34298089938844 18.697247223289313 155.6601943719257 0.033737646001100074
0115 -0.22692173719406128 -0.34584513306617737 2.1631741523742676 -143.72415679192963 20.24097103075647 155.43969259073822 0.03584811300243018
0116 -0.22576585412025452 -0.3435918390750885 2.1599485874176025 -142.49944179125842 20.10241051993723 154.92269882916767 0.03418194699770538
0117 -0.2246430218219757 -0.3413788974285126 2.1561009883880615 -143.88369927158797 21.79901973132987 154.87946871426078 0.03897109100216767
0118 -0.22330740094184875 -0.3390059471130371 2.148615598678589 -142.6254377525942 21.161697514454797 153.99085551626013 0.031108285998925567
0119 -0.22189489006996155 -0.33690205216407776 2.1466853618621826 -144.03762736954533 23.060473942043753 153.9792622286524 0.03670049899665173
0120 -0.22070972621440887 -0.33454179763793945 2.143634796142578 -142.7860138376753 22.655090273350304 153.42423452114284 0.03444417600258021
0121 -0.21940557658672333 -0.3331238925457001 2.1441805362701416 -143.72172784828274 22.975400045228064 152.88995347594803 0.03681615499954205
0122 -0.21801142394542694 -0.3312171697616577 2.1420769691467285 -143.60115620425822 23.50991177520561 152.23057326819296 0.038347961999534164
0123 -0.21731261909008026 -0.32958146929740906 2.141525983810425 -143.98075670567965 23.731996235593154 151.68573586387492 0.03627069099457003
0124 -0.21605584025382996 -0.3275942802429199 2.137847423553467 -144.58118171813396 23.990745846138186 150.87680428243584 0.03443958499701694
0125 -0.2155749797821045 -0.326887309551239 2.141174793243408 -144.82214190240705 24.095019535065607 149.86244745551647 0.03525639299914474
0126 -0.21458585560321808 -0.3256509602069855 2.141239881515503 -145.8005659465991 25.051338271570373 148.74947895794756 0.03179444800480269
0127 -0.21354800462722778 -0.32430025935173035 2.1434967517852783 -145.6775244065898 25.15236299323593 148.2246830118492 0.0382023149941233
0128 -0.21129664778709412 -0.3210355341434479 2.130411386489868 -145.89368356698412 25.826683389953537 148.16263906216562 0.03352682299737353
0129 -0.2103472203016281 -0.3202703595161438 2.135761260986328 -146.10983239808428 26.54980627882142 147.72507157951125 0.031690411997260526
0130 -0.2093995362520218 -0.31947824358940125 2.1424248218536377 -147.1575450102356 27.31780004765811 146.7791735453819 0.03448477599886246
0131 -0.20914040505886078 -0.319776326417923 2.1534528732299805 -148.17837400972934 26.603946885288003 145.0987863640502 0.04103167699940968
0132 -0.20757505297660828 -0.3174983263015747 2.145279884338379 -147.4801600050551 27.296045709661488 144.470237580546 0.03501579799922183
0133 -0.20644500851631165 -0.31622397899627686 2.1481974124908447 -148.27684895746066 28.332072938055788 144.07172428130025 0.03385281899682013
0134 -0.2047358900308609 -0.31380051374435425 2.1430959701538086 -148.5952448978402 27.865618456209415 142.74950409927163 0.030574002004868817
0135 -0.20342065393924713 -0.3123686909675598 2.1408016681671143 -149.44112881562 27.587123878407056 141.58579589848063 0.03723534200253198
0136 -0.2014394849538803 -0.31036803126335144 2.1367247104644775 -149.44787567091387 28.5144727623086 141.71495022008546 0.0344519299978856
0137 -0.20083089172840118 -0.31029170751571655 2.146010160446167 -150.13202351372757 29.496325999584567 141.03346157408015 0.037368630000855774
0138 -0.19938018918037415 -0.30892857909202576 2.1478731632232666 -150.1071219441062 29.070460067021976 139.9774730125671 0.029654768004547805
0139 -0.19723054766654968 -0.30678510665893555 2.1401212215423584 -151.2160871057019 29.339552573951323 139.24585258649748 0.040442407997034024
0140 -0.19648051261901855 -0.3060488700866699 2.142338991165161 -151.82844701858068 29.536505424120634 137.5952659003248 0.03795398600050248
0141 -0.1937742829322815 -0.3021898865699768 2.127943515777588 -151.60330935451887 30.16406494334648 137.81037384289363 0.032314627002051566
0142 -0.19197207689285278 -0.3007566034793854 2.12774658203125 -150.91160125921698 30.83365919807565 137.57923380972233 0.0339457570007653
0143 -0.1894432008266449 -0.2977887988090515 2.1152334213256836 -150.54241897698816 31.12499961522225 137.4199945404522 0.03605741800129181
0144 -0.18792866170406342 -0.29660359025001526 2.1166772842407227 -151.54076112489207 31.042804199332036 136.05168181430005 0.033921788999577984
0145 -0.18624347448349 -0.2954936921596527 2.116802930831909 -152.50582157843155 30.552088898448915 134.4910778445941 0.036698968993732706
0146 -0.1840127557516098 -0.293773353099823 2.112830400466919 -152.93557477698513 31.163147667217146 134.23269052595043 0.03397366100398358
0147 -0.18160255253314972 -0.2915820777416229 2.1045620441436768 -152.8790039066228 30.70752983842315 133.1452333897267 0.034788214004947804
0148 -0.17990387976169586 -0.2897833585739136 2.1041576862335205 -153.87306221736335 31.40864483509925 132.28878857675568 0.03386627599684289
0149 -0.17723225057125092 -0.28792405128479004 2.0995357036590576 -153.96787689078636 31.690886027695335 131.68685294490714 0.04124234199844068
0150 -0.17574623227119446 -0.28674089908599854 2.10032320022583 -153.88330185131414 32.71897132565905 131.21750402588174 0.03514851100044325
0151 -0.17392253875732422 -0.28561636805534363 2.099874258041382 -153.5453023342385 32.931771214073734 131.36845458501472 0.03529147199878935
0152 -0.1715438961982727 -0.28350168466567993 2.0936248302459717 -153.74038013196255 33.487158118011834 130.61386431900766 0.03689990600105375
0153 -0.16940748691558838 -0.28212931752204895 2.091045618057251 -153.8858536999452 34.86969710065061 130.38368420469277 0.034800150999217294
0154 -0.16639675199985504 -0.2797009348869324 2.0799155235290527 -153.96516349048918 33.34194889232858 129.38771529014937 0.03700752100121463
0155 -0.16533368825912476 -0.2794593870639801 2.090376377105713 -154.84399419912424 34.280657188278134 128.2268546917492 0.03608654200070305
0156 -0.16323764622211456 -0.2770792841911316 2.0796515941619873 -155.475849167053 34.74232475364333 127.38443589120976 0.03240864699910162
0157 -0.16056452691555023 -0.2746627628803253 2.0706119537353516 -155.00401290510356 35.649063579549285 127.45395648361453 0.036011021002195776
0158 -0.15912342071533203 -0.27412697672843933 2.0740134716033936 -155.81874266795916 34.897861288188416 126.12295483304976 0.037562961006187834
0159 -0.15668481588363647 -0.2722610831260681 2.0698463916778564 -156.7056087717225 35.491936850842926 125.17796289725395 0.03584763900289545
0160 -0.15504992008209229 -0.27167215943336487 2.0703365802764893 -156.7958003283714 36.253858133000534 124.4057964682399 0.036096550000365824
0161 -0.15329065918922424 -0.27130141854286194 2.0741312503814697 -157.53880375465687 35.82613754731386 123.57045436790541 0.03909869399649324
0162 -0.15073081851005554 -0.27001646161079407 2.0764310359954834 -158.49067063826604 35.829091364228944 122.51692700596627 0.03273150099994382
0163 -0.14805366098880768 -0.2683008313179016 2.0665786266326904 -158.39827530997513 35.822703369689215 122.29608725798487 0.030286115004855674
0164 -0.1467248648405075 -0.2677534520626068 2.0709333419799805 -158.83027748481678 36.17833847899899 121.30271073318049 0.03200043000106234
0165 -0.14476381242275238 -0.2669201195240021 2.0711631774902344 -159.00430832410456 36.28612610060801 120.67835864987205 0.03729555099562276
0166 -0.14299838244915009 -0.2660824954509735 2.0749287605285645 -160.2502916933728 36.177210409438466 119.12952443854259 0.034643796003365424
0167 -0.14023064076900482 -0.2635557949542999 2.0626111030578613 -160.16378572692145 37.65104913208469 119.02080934687474 0.037227840002742596
0168 -0.1383381485939026 -0.26327240467071533 2.064429998397827 -160.23017264919523 37.75603240498058 118.15817312485528 0.03350815000158036
0169 -0.13638894259929657 -0.2628442347049713 2.070282459259033 -161.84826056122125 37.7074948214639 116.71689418552545 0.02901036399998702
0170 -0.13419663906097412 -0.26197904348373413 2.0669753551483154 -162.5853839239921 37.89835167357391 115.42316317236373 0.036095969000598416
0171 -0.13194073736667633 -0.26256421208381653 2.075178861618042 -163.31469357842644 38.074502748755386 114.79098690429507 0.03586255600384902
0172 -0.1298891305923462 -0.2615729570388794 2.0769236087799072 -163.7175286191396 38.42064787108794 113.78238306046737 0.03063506099715596
0173 -0.12804725766181946 -0.26121091842651367 2.0812604427337646 -164.3406899936505 37.68813088891512 112.30334784353595 0.03618821400596062
0174 -0.12602345645427704 -0.26067718863487244 2.080570697784424 -166.62946582988832 38.06318646671831 111.25528972710204 0.031195336996461265
0175 -0.12374944239854813 -0.2588261663913727 2.0742502212524414 -165.76811789247301 38.87842827579375 110.41888950343335 0.03071301299496554
0176 -0.12186459451913834 -0.25885260105133057 2.081310272216797 -167.02271160933313 37.90781051316839 109.19024872953062 0.04181738799525192
0177 -0.11976636201143265 -0.2585323452949524 2.083672285079956 -167.26736911374212 38.19651884715812 108.72979689915739 0.03327166000235593
0178 -0.11752408742904663 -0.25830549001693726 2.084541082382202 -168.23448782175845 37.196207254033446 107.33596136512821 0.03319202800048515
0179 -0.11405704915523529 -0.2563314437866211 2.074586868286133 -168.25039589293505 37.915488514340026 107.03661365773867 0.03536231799807865
0180 -0.11162370443344116 -0.2558385729789734 2.0766472816467285 -169.74548730466577 38.51915925620946 105.78023944770187 0.03306727099698037
0181 -0.10980787873268127 -0.2557418644428253 2.0806884765625 -169.99219503175402 39.51763444510948 105.0929066295782 0.03523214499728056
0182 -0.10799248516559601 -0.255989670753479 2.0882208347320557 -170.3942553072507 39.00928585588051 104.08824854277522 0.030548354996426497
0183 -0.10548876225948334 -0.255210816860199 2.0891916751861572 -171.60096174878484 38.70929643489601 102.99519740698118 0.036307112997747026
0184 -0.10337087512016296 -0.25562968850135803 2.0950253009796143 -171.8780729930407 38.65926083502974 101.76587827233055 0.03482103599526454
0185 -0.10099627822637558 -0.2548142671585083 2.093029022216797 -172.29808663196013 39.16711540426373 101.37762892340027 0.035931783000705764
0186 -0.09848488122224808 -0.25438377261161804 2.0925657749176025 -174.3288260902392 39.67795529350942 99.59862791934718 0.03257624300022144
0187 -0.09566605091094971 -0.2532508075237274 2.087477922439575 -174.72637917687914 39.825137451215994 98.28037259046172 0.03869990100065479
0188 -0.09369497001171112 -0.25361841917037964 2.094597101211548 -175.10408412352487 40.01548709566083 97.81705672214854 0.0339892910051276
0189 -0.0915197879076004 -0.2530263662338257 2.093522548675537 -175.43231553290533 39.72262100456172 96.98616466270336 0.033348228003887925
0190 -0.08903983235359192 -0.2518579661846161 2.090094804763794 -176.46156745712568 39.99569002897214 95.85064002654866 0.03584272900479846
0191 -0.08606509864330292 -0.25136351585388184 2.089477062225342 -176.55735675030786 39.91154314544305 95.29032992524047 0.035554545997001696
0192 -0.08389239758253098 -0.25142550468444824 2.0924692153930664 -177.85954352607482 40.10168129193685 93.73660674755534 0.0376846459985245
0193 -0.08122041076421738 -0.2502703070640564 2.087083339691162 -179.4207806663062 39.512118160373916 92.01729809762362 0.03436416700424161
0194 -0.07825112342834473 -0.24979600310325623 2.087226152420044 -179.71389121131892 39.828826209029735 91.50855388488904 0.03801560199644882
0195 -0.07588204741477966 -0.24971246719360352 2.0874216556549072 179.87344319167744 39.96974076460868 90.3581361244891 0.03463721799926134
0196 -0.07314861565828323 -0.24910536408424377 2.0862231254577637 178.45787828408663 40.222966458598535 89.24281511665865 0.02946894599881489
0197 -0.0705331340432167 -0.2478868067264557 2.081843614578247 177.37658745290096 40.55871345687938 88.24553857371099 0.03476427199348109
0198 -0.06795264035463333 -0.24719928205013275 2.0776526927948 178.46074222937165 41.610802338645804 88.0912358855054 0.03149329299776582
0199 -0.06534405052661896 -0.2474907785654068 2.082037925720215 177.54060420265637 40.942239257980034 86.87934870852656 0.03460775100393221
0200 -0.0631718784570694 -0.24784767627716064 2.087825059890747 175.95813902862577 40.454612728924005 85.20933984059043 0.03551683000114281
0201 -0.06052078306674957 -0.24740388989448547 2.0885889530181885 175.15884055954987 40.8264826315816 84.30035202930118 0.036383249003847595
0202 -0.05803736671805382 -0.24721170961856842 2.086606025695801 176.05658368741837 41.44801125853854 83.81684957984899 0.03559737199975643
0203 -0.05520083010196686 -0.24628473818302155 2.07725191116333 175.20400695856623 40.78722204671694 83.04086110869433 0.0375928030043724
0204 -0.05190473794937134 -0.24646325409412384 2.079220771789551 174.42599917850376 40.9317280002448 82.09949025957556 0.034563189998152666
0205 -0.049833547323942184 -0.24651330709457397 2.080016851425171 173.7532754557972 40.05172721982179 80.83894948959559 0.03608479499962414
0206 -0.047422412782907486 -0.24614226818084717 2.0790460109710693 173.03176003733813 40.842990767490335 80.17790967053178 0.033030305996362586
0207 -0.04505731165409088 -0.24569861590862274 2.0774781703948975 171.9329752935225 39.90478358528845 78.85013774978685 0.03560565799853066
0208 -0.04188425466418266 -0.24532447755336761 2.0762860774993896 171.20641139288253 39.628435283167306 77.97927504519322 0.03898872100398876
0209 -0.04013404622673988 -0.24592003226280212 2.080374240875244 170.82972580417766 39.28013393800671 76.81950128387427 0.03489685000386089
0210 -0.03706737607717514 -0.24593618512153625 2.080279588699341 169.41532483206382 38.59844739425018 75.51960747166923 0.030955782000091858
0211 -0.03462454676628113 -0.24515178799629211 2.0753438472747803 167.8645048049705 38.68396052559764 74.01202848775841 0.03499762299907161
0212 -0.031796034425497055 -0.2448817640542984 2.0715537071228027 167.3166729563382 38.965126941062984 72.89579857820526 0.03794568900048034
0213 -0.02933814749121666 -0.24511170387268066 2.071972131729126 167.74193787421999 39.03298310679124 72.17049622873641 0.035165772002073936
0214 -0.026747683063149452 -0.24470899999141693 2.0717203617095947 166.77991095629534 39.136285933342535 71.46829854697073 0.03709940399858169
0215 -0.023813216015696526 -0.2457370162010193 2.080169200897217 165.95121496416695 38.95357538294994 70.64196307809574 0.031177634999039583
0216 -0.021729175001382828 -0.2457394152879715 2.076038360595703 166.2813967907175 38.779253881092366 69.99775832276842 0.033749144997273106
0217 -0.019365059211850166 -0.24610689282417297 2.078671932220459 165.5711657681635 38.00685548318381 69.21207945109114 0.03587754600448534
0218 -0.01629367098212242 -0.24697808921337128 2.0837807655334473 165.18268989411456 37.780555377390016 68.60697648799567 0.03313545799755957
0219 -0.013531974516808987 -0.24707375466823578 2.0825133323669434 164.61974927494802 37.216357459478466 67.58056448230998 0.03281062699534232
0220 -0.011513265781104565 -0.2457064539194107 2.0694878101348877 163.47205235262086 37.0226864687893 66.05229747654464 0.03397980999579886
0221 -0.008642956614494324 -0.24697166681289673 2.0783519744873047 163.19317307221525 35.85803633979392 65.38205222384352 0.04077426499861758
0222 -0.005126181058585644 -0.24784664809703827 2.0834548473358154 163.11501087258648 35.26651160301575 64.99652083788119 0.033572412001376506
0223 -0.0036646213848143816 -0.24803975224494934 2.0803329944610596 162.17532012029872 34.71194967657783 64.11632851602941 0.0385385990011855
0224 -0.0013913529692217708 -0.24816562235355377 2.078103542327881 160.74888104261527 34.105026680675714 62.30673896747888 0.03238682899973355
0225 0.001350488280877471 -0.24790848791599274 2.0760748386383057 159.60763034657472 34.2714295385099 61.51505176494406 0.0341063559972099
0226 0.0036876488011330366 -0.24840694665908813 2.0768673419952393 160.15130853263443 34.358767329478304 61.19364865455208 0.031881389004411176
0227 0.006165381986647844 -0.24909867346286774 2.0764029026031494 160.29249512157347 33.90185822740726 61.088561794533504 0.03228308499819832
0228 0.008923540823161602 -0.2486892193555832 2.069758653640747 159.04606554149447 32.83823732400075 60.17959582307442 0.03481412400287809
0229 0.011394975706934929 -0.24850763380527496 2.0676708221435547 158.511508681341 31.790618722076864 59.370543032448346 0.0377217790010036
0230 0.013150720857083797 -0.24880759418010712 2.066530704498291 158.29610397060202 30.99622384114563 58.88841915902167 0.037790974995004945
0231 0.01529732346534729 -0.24813227355480194 2.0553231239318848 157.418786647613 30.540998684775285 57.580873509573415 0.032434257002023514
0232 0.018116680905222893 -0.2482069432735443 2.0569913387298584 155.7790049280844 32.1118465274299 55.59466688227943 0.035460450999380555
0233 0.020598318427801132 -0.25018107891082764 2.0678794384002686 156.4174691847724 30.078666442685538 55.82300300324258 0.034495559993956704
0234 0.022696353495121002 -0.2504154145717621 2.064239263534546 155.761865915597 31.964115321200804 54.35390236070444 0.03316570000606589
0235 0.025156883522868156 -0.2515310049057007 2.069835662841797 156.13557014289484 31.886760999930104 54.05163311977444 0.03435641800024314
0236 0.02847333811223507 -0.25313636660575867 2.0781874656677246 155.88307878522107 30.887979119401162 53.45605349050755 0.03397041899734177
0237 0.0304049514234066 -0.2531263530254364 2.0748140811920166 155.20249925419182 33.03187366201694 51.95696484015411 0.03233191899926169
0238 0.03235696628689766 -0.2527748644351959 2.067953109741211 154.97425764022938 31.8058451458691 51.43211764149253 0.03600038099830272
0239 0.03494387865066528 -0.2533637285232544 2.070613145828247 153.7492164161578 31.289295123987664 50.904842894367825 0.03891859800205566
0240 0.03757346421480179 -0.25370126962661743 2.071397304534912 154.5007488163511 31.98677173428536 50.07601498785072 0.036628374000429176
0241 0.039491262286901474 -0.2546445429325104 2.0755956172943115 154.31230814967384 32.59746670045488 49.15300939783145 0.03184643100394169
0242 0.04226178675889969 -0.25570207834243774 2.080024242401123 154.47076012466255 33.433532781010335 48.23137168577198 0.03745573900232557
0243 0.0448426753282547 -0.25792109966278076 2.0906732082366943 153.809031868626 32.087258503381456 48.02671369770039 0.034006068999588024
0244 0.0467420369386673 -0.25832876563072205 2.0874674320220947 152.63163546162573 31.26255850012855 46.9852852238471 0.03593251800339203
0245 0.04919290915131569 -0.2604530155658722 2.0951294898986816 152.98654359847941 30.721870278107925 46.48685521924253 0.03339420300471829
0246 0.05219659209251404 -0.2633528411388397 2.1134567260742188 152.84523827898823 30.22182706879816 46.20492877227082 0.033299033995717764
0247 0.05452900752425194 -0.2635877728462219 2.1090924739837646 152.0215167562198 29.72053706011265 45.28623776959832 0.034183089999714866
0248 0.056463874876499176 -0.26349830627441406 2.1032469272613525 151.6641642972134 29.535398678802977 44.533098485395556 0.04095588000200223
0249 0.05909515917301178 -0.26498597860336304 2.109340190887451 151.18205481427717 29.529848917302317 43.74752278384009 0.03622654400533065
0250 0.06164059787988663 -0.2655804753303528 2.1078648567199707 151.06774774317728 29.730262308789438 42.87339154832145 0.03311605299677467
0251 0.06369367986917496 -0.26663896441459656 2.1084985733032227 150.74487691943548 29.819628382348174 41.9695733645452 0.03599324099923251
0252 0.06582053005695343 -0.2679603099822998 2.1122493743896484 149.38654566858077 28.51538926434549 41.02739454660571 0.03214650800509844
0253 0.06821326166391373 -0.26866886019706726 2.1105844974517822 149.38276830318392 28.622329718892807 40.300389231939754 0.03316486199764768
0254 0.07028481364250183 -0.2702990770339966 2.116255044937134 149.8033533618384 27.681688611388456 39.92716658442055 0.035666146999574266
0255 0.07198959589004517 -0.2702849209308624 2.1092426776885986 149.81639546127795 27.86101831188157 39.24972849516357 0.03548430099908728
0256 0.07447919994592667 -0.2721209228038788 2.115027904510498 148.68433961277677 26.85266713417577 38.536753884426176 0.03544495100504719
0257 0.0765434205532074 -0.27231699228286743 2.1106882095336914 148.15800835910832 27.039423902217564 37.29503097998189 0.03907912399881752
0258 0.07802778482437134 -0.2733052670955658 2.1090049743652344 147.23844771050676 25.566864490433513 36.71170667827316 0.03377308799827006
0259 0.07958575338125229 -0.27322718501091003 2.101247549057007 147.02309559349501 25.257117158168807 35.7628439354411 0.03382431399950292
0260 0.08212346583604813 -0.27479657530784607 2.1035890579223633 147.19677758176198 24.914714016245362 35.28023241248291 0.032691586995497346
0261 0.08429974317550659 -0.2767113745212555 2.110647201538086 146.56024780980962 24.00674256906437 34.99751036610746 0.03344909400038887
0262 0.08563423156738281 -0.27739638090133667 2.108468770980835 146.25922135125342 23.517948470593414 33.99684584783772 0.03331642100238241
0263 0.0872718095779419 -0.27785104513168335 2.1048519611358643 145.52541960489526 22.530669347806086 33.38596855588613 0.035519650002243
0264 0.09035468846559525 -0.27967000007629395 2.1110751628875732 145.87162081127667 22.834318285461542 32.815685981506384 0.03267844500078354
0265 0.09150371700525284 -0.28039416670799255 2.1078906059265137 145.47737200649127 22.429845369103923 32.05232596584721 0.03233991999877617
0266 0.09303054213523865 -0.28154703974723816 2.107678174972534 145.2501376219619 21.945620586852172 31.507928069091367 0.03664399200351909
0267 0.09591562300920486 -0.2838042080402374 2.1181135177612305 145.1812292021457 21.412249341791522 30.925701892573787 0.03636646799714072
0268 0.09798165410757065 -0.2855612337589264 2.1227304935455322 145.55406286875657 20.358490755217563 30.732896185390064 0.03324871400400298
0269 0.09979718923568726 -0.28741464018821716 2.127788782119751 145.47797764074025 20.615029707672747 29.972673087337455 0.03199367399793118
0270 0.10200963169336319 -0.2900093197822571 2.1375229358673096 145.1741106933362 20.7203743969806 28.966928542784373 0.03183225000248058
0271 0.10395129770040512 -0.2909003496170044 2.1360433101654053 144.0178004487361 19.25370167040791 28.24498794240431 0.033037458000762854
0272 0.10509772598743439 -0.2908208668231964 2.1275620460510254 144.00526113558 19.191244279858775 27.50603543066316 0.03345662899664603
0273 0.10723799467086792 -0.2929975092411041 2.1360888481140137 144.24360176494093 18.144368476438864 27.419848409222784 0.03633186699880753
0274 0.1088896319270134 -0.294032484292984 2.134082794189453 143.07413528591331 17.641887110301187 26.817797966940265 0.0336138970014872
0275 0.11024422198534012 -0.2944847345352173 2.126305103302002 142.5085621996366 15.852472734179715 26.919104342870703 0.04020145699905697
0276 0.11134593188762665 -0.2940829396247864 2.115784168243408 142.38528428999783 16.355573992398124 25.80590507494043 0.032169882993912324
0277 0.11334949731826782 -0.2967797815799713 2.1240105628967285 142.39200563153787 15.404598700476893 25.359021070489536 0.0343255580010009
0278 0.11503750830888748 -0.2980407178401947 2.1226742267608643 141.8104039190602 15.009328480785584 24.893746933087204 0.03556565100006992
0279 0.116785429418087 -0.29968515038490295 2.126668930053711 142.1783007033448 14.900493724327257 23.868799953565947 0.03336097399733262
0280 0.1182633563876152 -0.3013259768486023 2.128742218017578 141.62755968233702 14.29673275070048 23.249481134888182 0.0328865159972338
0281 0.11985062807798386 -0.3029164671897888 2.129777431488037 141.40719924554494 12.322770106199371 23.522143952867765 0.03344041899981676
0282 0.12157279253005981 -0.3039507567882538 2.1308226585388184 141.77608563073184 14.427671336016536 21.550587124647468 0.029706388995691668
0283 0.12321184575557709 -0.30659863352775574 2.1393909454345703 141.70620851049648 13.133292499782277 21.678470355946068 0.030977308997535147
0284 0.1240953579545021 -0.30667242407798767 2.130903720855713 141.04593679460564 12.056834960039778 21.393430373096642 0.03927875000226777
0285 0.12525059282779694 -0.30763164162635803 2.126067638397217 140.5856671719023 12.136741492936567 20.510183860015296 0.0331203129971982
0286 0.12550672888755798 -0.3075518012046814 2.1157915592193604 139.48598240496395 10.86802006630295 20.38166296550519 0.03466114799812203
0287 0.127400740981102 -0.31000784039497375 2.12621808052063 140.82891883526312 10.4758549091819 19.800935912032056 0.03403693300060695
0288 0.12915953993797302 -0.3120807409286499 2.1287732124328613 139.75317476393616 10.344686756667011 18.981413769080486 0.03328043600049568
0289 0.1318352371454239 -0.3157106935977936 2.145573854446411 140.96749605676035 10.703196998909855 18.25366810290409 0.03719259700301336
0290 0.1324395090341568 -0.31669798493385315 2.1422524452209473 139.76674797947615 10.004348168379297 17.79529379417735 0.03281341600086307
0291 0.13359558582305908 -0.31816959381103516 2.1417810916900635 139.6671244704546 10.483818053891643 16.586609464322855 0.030917516000044998
0292 0.13486599922180176 -0.31925535202026367 2.138756036758423 138.69474106698613 9.11283266922054 16.391291565472567 0.03794198600371601
0293 0.13565731048583984 -0.320002943277359 2.136786699295044 138.59020979439725 8.613115242390641 15.735241085648422 0.03727386399987154
0294 0.13627944886684418 -0.3212323486804962 2.1338613033294678 138.10551011641118 7.855467480307734 15.329282569269044 0.036540029002935626
0295 0.13780923187732697 -0.32291552424430847 2.1365835666656494 138.8614229034761 9.06575112601501 14.03636257180471 0.03146055799879832
0296 0.13892832398414612 -0.32478776574134827 2.139134645462036 138.2650570796891 7.112087583609868 13.994596721577153 0.03209020800568396
0297 0.1404021829366684 -0.3273542523384094 2.1482315063476562 139.20287396771272 7.760699540523593 12.781676019238498 0.03190527900005691
0298 0.1404877007007599 -0.32686108350753784 2.135819435119629 138.0054650207768 6.450537996734284 12.719821122899912 0.032229816999461036
0299 0.14218902587890625 -0.3295339047908783 2.1419525146484375 138.4136128907881 6.183620556240567 12.296962898807042 0.03435489800176583
0300 0.14384232461452484 -0.33305200934410095 2.1565797328948975 139.07018800735975 6.752774433812297 11.363428405426545 0.0317628760021762
0301 0.14432752132415771 -0.3338804841041565 2.1522445678710938 138.23574559551903 6.491333072295979 10.17666475121997 0.037466112997208256
0302 0.14457546174526215 -0.33451369404792786 2.146198272705078 137.2028737644883 5.0542838389208535 10.17341140630565 0.03957232600077987
0303 0.14614662528038025 -0.3375263810157776 2.15590763092041 138.14533839043477 5.163768274918435 9.53450592520874 0.03398426799685694
0304 0.14667755365371704 -0.3385321795940399 2.1535942554473877 138.05000206957638 4.5313145373838495 8.911038726410093 0.03730762499617413
0305 0.1474064141511917 -0.3396655023097992 2.15272855758667 138.20833866665768 4.378441099582764 8.125253821864638 0.03251472400006605
0306 0.14908663928508759 -0.34264394640922546 2.1616742610931396 138.15356927423656 3.5918140999771335 7.570407657294833 0.03562630800297484
0307 0.14945313334465027 -0.3444534242153168 2.163891077041626 137.63749166841185 3.249425745611816 6.801606142018611 0.03519054999924265
0308 0.14903129637241364 -0.3439866006374359 2.150968074798584 136.8925361767664 2.4691218267550012 6.333694103247483 0.039215335993503686
0309 0.15009179711341858 -0.34638795256614685 2.157043933868408 137.15721902276698 1.7919102216476968 6.088641251043155 0.031757521006511524
0310 0.15111444890499115 -0.34913790225982666 2.1620781421661377 137.6823494606708 1.6423646227484023 5.289574000396786 0.033562127995537594
0311 0.15105187892913818 -0.35012248158454895 2.160176992416382 137.65871250427 1.0913854709552546 4.699707494504593 0.04110566899908008
0312 0.15163253247737885 -0.3518083989620209 2.1618919372558594 137.59300953631742 0.9094778129973233 3.780420207228715 0.030086696999205742
0313 0.15152418613433838 -0.351458877325058 2.15061616897583 136.5240943547841 0.5338295595386814 3.251301681981152 0.03058593099558493
0314 0.15186138451099396 -0.3524453938007355 2.1480226516723633 137.3839989868075 -1.3917346456270687 3.0983832183045124 0.03306901500036474
0315 0.15299871563911438 -0.35618528723716736 2.1609792709350586 137.12724579444972 -0.8069885827331701 2.97115456813859 0.03668664400174748
0316 0.15339477360248566 -0.3572540283203125 2.1593213081359863 136.89963900468658 -1.9125754849282561 2.270035869143136 0.03315320299589075
0317 0.15408070385456085 -0.3597082197666168 2.1642510890960693 137.4755904413872 -2.16091522082925 1.6650188735457991 0.03296281000075396
0318 0.154516339302063 -0.36202865839004517 2.1689631938934326 137.12905341083152 -2.568372413173189 1.2859545250315785 0.03587417900416767
0319 0.1548456847667694 -0.36377444863319397 2.170043468475342 137.07660353451203 -2.4645594309609824 0.4055034180021574 0.03437700799986487
0320 0.1557060182094574 -0.365606427192688 2.1716084480285645 137.25883956210092 -4.07514169439026 0.1620957169483534 0.04060773200035328
0321 0.15673118829727173 -0.36915579438209534 2.1836798191070557 137.8747885291617 -3.3387185655083904 -0.7154078656497883 0.032256300997687504
0322 0.15663257241249084 -0.3706228733062744 2.1837801933288574 137.86282400128366 -3.81243729150343 -1.4548255076601102 0.03141452300042147
0323 0.15691430866718292 -0.3720782399177551 2.182996988296509 138.01325382384735 -5.020189502000181 -1.7829820779946033 0.033508064996567555
0324 0.15765883028507233 -0.3749600052833557 2.190739870071411 137.73570633218188 -4.48710957919609 -2.7501744758417543 0.03567353100515902
0325 0.1570453643798828 -0.37506693601608276 2.183163642883301 137.3732602809313 -5.592743179553147 -3.21289845054161 0.032745794000220485
0326 0.15693429112434387 -0.3764008581638336 2.1819827556610107 137.76145162919377 -5.591523636582456 -3.6292808566276467 0.03432211299514165
0327 0.1574995368719101 -0.37893399596214294 2.1872992515563965 137.75929464898684 -5.66979204779775 -4.448180712237667 0.033713335993525106
0328 0.1570076048374176 -0.37938690185546875 2.1807687282562256 137.65305081469245 -6.474570847297821 -4.809164424884451 0.033214725997822825
0329 0.1568840891122818 -0.3810092508792877 2.181525230407715 137.89277121802385 -7.093586633675281 -5.230196517412617 0.03812683600699529
0330 0.15721748769283295 -0.3830253779888153 2.1824214458465576 138.0037489459167 -7.1776132389669325 -5.8197003985213325 0.03972224499739241
0331 0.15645669400691986 -0.3831128180027008 2.1740338802337646 137.00702506372085 -8.483806903327459 -5.643730079417625 0.034353483002632856
0332 0.15639206767082214 -0.3855075538158417 2.179798126220703 138.14053829194256 -8.684104984062664 -6.712061280052349 0.033778115997847635
0333 0.1565375030040741 -0.38814154267311096 2.186250686645508 138.25636686484413 -9.464905915562824 -6.938427597884141 0.03262019799876725
0334 0.1565401703119278 -0.3908365070819855 2.1907520294189453 138.5068323680402 -10.441406354161778 -7.4388585057978 0.034183327996288426
0335 0.1567711979150772 -0.39361056685447693 2.1965689659118652 138.1626711203248 -10.359223809899985 -7.748537709161182 0.033917232998646796
0336 0.15614502131938934 -0.39450889825820923 2.1941184997558594 138.43994698101315 -10.985441140804289 -8.37993104534044 0.030585417996917386
0337 0.15574505925178528 -0.3951437175273895 2.1899378299713135 138.30556166021822 -11.16953757332668 -9.307921416686881 0.03335802700166823
0338 0.15589602291584015 -0.3971567451953888 2.193207025527954 138.63169561329383 -12.17997410198449 -9.370633922855847 0.03829634599969722
0339 0.15606534481048584 -0.4004216492176056 2.2023184299468994 138.94118914964122 -12.60845534786611 -10.058455469084187 0.03323395499319304
0340 0.1550123691558838 -0.4014419913291931 2.198997974395752 138.7400739784859 -13.26314541709196 -10.305970044765525 0.03511910900124349
0341 0.15555758774280548 -0.40545809268951416 2.2114553451538086 139.10036455029575 -13.907840341580933 -10.691247083801736 0.03379502399911871
0342 0.15569044649600983 -0.40814629197120667 2.218634605407715 139.4436285905371 -14.850331031888867 -11.112464728449158 0.03288932499708608
0343 0.15453147888183594 -0.4091813564300537 2.2143144607543945 138.93420661665192 -15.337768820878384 -11.281436479551191 0.03390097399824299
0344 0.15447986125946045 -0.41143929958343506 2.2193875312805176 139.38699623751702 -15.328189632519615 -11.988999389358076 0.03315490100067109
0345 0.15453478693962097 -0.415068119764328 2.2285728454589844 139.5553920669317 -16.024470076415827 -12.837654373737266 0.03716372299822979
0346 0.15503135323524475 -0.4186750650405884 2.2420597076416016 140.98455960457096 -16.57879007091939 -14.088219580363155 0.03159689799940679
0347 0.15409508347511292 -0.4196082055568695 2.2385239601135254 140.6541620906052 -16.876423247291562 -14.356849936410741 0.04212345599808032
0348 0.15358799695968628 -0.420029878616333 2.232177734375 140.37032389074466 -17.31975947993082 -14.938936119927282 0.03472744800092187
0349 0.15221522748470306 -0.42066580057144165 2.2276577949523926 140.02580224334608 -18.375693893864543 -15.091321013387693 0.03470357399783097
0350 0.15103916823863983 -0.42236751317977905 2.2280895709991455 140.08264233525296 -19.435125500421094 -15.174736318241614 0.034525495997513644
0351 0.14985333383083344 -0.42393675446510315 2.2278096675872803 140.14981461884386 -20.497562887245667 -15.486381475885503 0.030991412997536827
0352 0.14955075085163116 -0.4264911711215973 2.2317655086517334 140.4442516307902 -19.60532018489275 -16.77593509581306 0.03129515599721344
0353 0.14975890517234802 -0.4296165108680725 2.2435529232025146 141.065770134718 -21.132848319137626 -17.234318681446645 0.0370492700021714
0354 0.1493396759033203 -0.43181872367858887 2.246957302093506 141.29920402244642 -21.458139168116205 -17.607240620153537 0.03182873400510289
0355 0.14873714745044708 -0.43360933661460876 2.2479372024536133 141.00503172143908 -21.367045161132076 -18.266042346895173 0.031182990001980215
0356 0.1480439454317093 -0.4350873529911041 2.2493574619293213 141.69566854791444 -21.86849579299451 -19.25102855655357 0.04265670300083002
0357 0.14683082699775696 -0.437215656042099 2.251843214035034 141.7663699148032 -22.205139813105095 -19.71561190588193 0.03432678899844177
0358 0.1457718014717102 -0.43849411606788635 2.2502424716949463 141.83668134142653 -22.939925396059518 -20.234382530686855 0.031911197998852
0359 0.14477218687534332 -0.4405362010002136 2.252845287322998 142.08960998519285 -23.017218241602382 -21.17257608532564 0.03472306699404726
0360 0.1440770924091339 -0.44278010725975037 2.257197618484497 142.94590807237014 -23.311905204555924 -22.182901093528347 0.033413769997423515
0361 0.14349032938480377 -0.4445842504501343 2.2592222690582275 143.56525772505933 -23.83442632093515 -22.80562576745916 0.032116889000462834
0362 0.14172857999801636 -0.44484084844589233 2.251718044281006 142.6343918235832 -24.211676222102053 -22.954708106114985 0.033139382998342626
0363 0.1410691738128662 -0.4471783936023712 2.256626844406128 143.29413772985515 -25.4337698515278 -23.248626436925765 0.03327749799791491
0364 0.13918040692806244 -0.44590020179748535 2.24381422996521 141.48281635349505 -25.985633505528458 -22.684980207342296 0.03505148200201802
0365 0.1380624771118164 -0.4476364850997925 2.245831251144409 142.76626947049866 -26.712927171845617 -23.807546977307226 0.0427648139957455
0366 0.13728269934654236 -0.45011961460113525 2.251410722732544 142.13916117271265 -27.496219410609665 -23.875508707579304 0.03068701099982718
0367 0.1363387405872345 -0.4540509283542633 2.2638192176818848 143.5148702530317 -27.43667076638698 -25.218654395517422 0.03531857499910984
0368 0.13449525833129883 -0.45286914706230164 2.250411033630371 142.26919878133612 -27.33591152598425 -25.501832528912377 0.03510315099993022
0369 0.133376806974411 -0.4551217257976532 2.254803419113159 143.8296098313551 -28.165089832436536 -26.747709778944227 0.03408882099756738
0370 0.13250592350959778 -0.4565984010696411 2.256286859512329 144.2567464207003 -28.23982289978066 -27.510583397382806 0.035061639006016776
0371 0.1317889243364334 -0.459838330745697 2.2651026248931885 144.8926739978996 -28.541851952336007 -28.390284003342337 0.0359510370035423
0372 0.13068141043186188 -0.46224743127822876 2.270404815673828 146.0362659286374 -28.320152908596786 -29.831791372041394 0.03636498699779622
0373 0.1296275109052658 -0.46499869227409363 2.276170253753662 146.4951023985497 -28.360598645918166 -30.90042302774077 0.03258512700267602
0374 0.12767617404460907 -0.465016633272171 2.271003007888794 145.0020820811943 -29.540076689693233 -30.815716870656665 0.040130203997250646
0375 0.12606292963027954 -0.4658055603504181 2.269869804382324 146.31863350138642 -30.32953504161036 -31.202492505850206 0.03495928899792489
0376 0.12484976649284363 -0.4703230857849121 2.2837891578674316 146.73984388130688 -31.01620884417302 -32.25022150481969 0.029483883998182137
0377 0.12358111888170242 -0.4711091220378876 2.2819061279296875 146.8410022548625 -31.1648357192836 -32.704713550583705 0.03352703899872722
0378 0.12260239571332932 -0.4745842516422272 2.2928667068481445 147.96621341906243 -31.89508636096497 -33.781844823751356 0.03262848300073529
0379 0.12130856513977051 -0.4752599000930786 2.289644241333008 148.22550004412312 -31.662894340421218 -34.905973107498205 0.03213960599532584
0380 0.11971040070056915 -0.4765079617500305 2.288090944290161 147.9624849239388 -31.608844044083476 -35.21551133695932 0.03222882100089919
0381 0.11805715411901474 -0.4765063226222992 2.284597635269165 148.57774148405005 -31.931490934460303 -35.99009074750781 0.032366176004870795
0382 0.11626884341239929 -0.47786155343055725 2.284973382949829 149.23902213878083 -32.243766513826785 -36.79340436175819 0.03629634300159523
0383 0.11453959345817566 -0.4803643822669983 2.2894670963287354 149.93519733646784 -32.047716001511674 -38.276891871367425 0.03796239599614637
0384 0.11310005187988281 -0.48209649324417114 2.293086051940918 150.26261191782396 -32.148049703742096 -39.42954887212314 0.033898251997015905
0385 0.11154648661613464 -0.48324665427207947 2.2926759719848633 150.12828193833556 -32.32890861627957 -39.638091699089635 0.032857375001185574
0386 0.10999326407909393 -0.48376330733299255 2.2895500659942627 150.25548653281115 -32.23737694079981 -40.05937528205113 0.0340447429989581
0387 0.10805853456258774 -0.48543044924736023 2.290217399597168 149.70155584287795 -34.068883887237256 -40.18925573218486 0.034324763000768144
0388 0.10634572803974152 -0.4851928651332855 2.284435987472534 150.22321545200424 -34.90504499340702 -40.49240396937819 0.031449828995391726
0389 0.10506723076105118 -0.4895251989364624 2.299773931503296 151.3176702957664 -35.065033874009806 -42.22637343844163 0.032239680003840476
0390 0.10309313237667084 -0.4899463355541229 2.296137571334839 152.3197821495198 -34.97630146123718 -43.58869483473968 0.03886423000221839
0391 0.10113775730133057 -0.49196457862854004 2.298865795135498 152.6309265179134 -35.137862944272975 -44.387758199804324 0.03108071500173537
0392 0.09913498908281326 -0.4930092394351959 2.300649642944336 152.90479880318236 -35.79616142362778 -44.795875043028666 0.039486809000663925
0393 0.09747498482465744 -0.49527686834335327 2.305933713912964 153.2213156753443 -35.76995477426435 -45.57344249106655 0.035779584002739284
0394 0.0955587849020958 -0.49551287293434143 2.3016574382781982 154.5629848058637 -36.537516329888504 -46.958065452397385 0.03259452400379814
0395 0.09401047229766846 -0.49593231081962585 2.2977054119110107 155.17433196354568 -36.67541705265462 -48.17205392063156 0.036022489999595564
0396 0.09268928319215775 -0.4997848868370056 2.311711311340332 156.04856967421756 -37.359078349430476 -48.89078335534143 0.033576985995750874
0397 0.09070572257041931 -0.5010905265808105 2.3136329650878906 156.4304015858691 -38.19724058036203 -49.48066510423601 0.03268024499993771
0398 0.08889942616224289 -0.5040507912635803 2.3222992420196533 157.51512082473394 -38.997162905147896 -51.11558267972607 0.03507139499561163
0399 0.08727029711008072 -0.5067723989486694 2.330747365951538 158.17587321345977 -38.71350697275042 -51.923482983914546 0.033183699000801425
0400 0.08481592684984207 -0.5082853436470032 2.333439588546753 160.097200547457 -37.84179040421474 -53.934543614610355 0.03627381499973126
0401 0.08277757465839386 -0.5095050930976868 2.3323862552642822 158.67957495386136 -38.701565426860896 -54.243697448782136 0.037657402994227596
0402 0.08026957511901855 -0.5075294375419617 2.3194026947021484 159.46884177110522 -40.16626246832972 -54.3505130433624 0.03547623700433178
0403 0.07889880239963531 -0.5100605487823486 2.3277597427368164 159.87751324805208 -40.442153085807206 -54.96667267778464 0.037954174003971275
0404 0.07679246366024017 -0.5111348032951355 2.32694149017334 159.6215678256558 -40.44484843952228 -54.966460740028886 0.03444299699913245
0405 0.0740785077214241 -0.5102639198303223 2.318084955215454 160.12002521987475 -40.67326188461875 -56.026045586625635 0.03997608899953775
0406 0.07295677065849304 -0.5143249034881592 2.334280014038086 161.99302764853786 -39.981331042878125 -58.25549682907621 0.035462346000713296
0407 0.07018765062093735 -0.5149060487747192 2.332981824874878 162.2141832252807 -39.37669965433553 -58.827935424825526 0.036190891994920094
0408 0.06810235977172852 -0.5183799266815186 2.3433303833007812 161.58166937895953 -40.3886719543705 -59.01196346791707 0.031269350001821294
0409 0.06580150127410889 -0.518423855304718 2.3405654430389404 162.39338543924708 -40.60274400070847 -59.61233913390103 0.03161333299794933
0410 0.06395920366048813 -0.5213813185691833 2.3491625785827637 162.9872173746748 -40.94834010276459 -60.75233437252525 0.0424339789969963
0411 0.0611654669046402 -0.5198519825935364 2.3370866775512695 163.35619903900422 -41.25477017128135 -61.53423421725969 0.03025901599903591
0412 0.05916906148195267 -0.5220884084701538 2.3432884216308594 163.98877304769988 -41.5296834624377 -62.61036575968409 0.035963330999948084
0413 0.056710246950387955 -0.5233147144317627 2.3462069034576416 164.75364932606095 -40.78413930559289 -63.459236361121135 0.034370171997579746
0414 0.05460125952959061 -0.5224472880363464 2.3400564193725586 164.66631730543992 -40.79066321284085 -64.25971515365445 0.03726647500297986
0415 0.05228392407298088 -0.522046685218811 2.334228277206421 165.26084133055122 -42.006889890067285 -64.99107833129354 0.031226552004227415
0416 0.0500585176050663 -0.5256372094154358 2.3479809761047363 165.3474803169774 -42.24385716796489 -65.9975395965661 0.03419320200191578
0417 0.04754025861620903 -0.5267854332923889 2.349479913711548 165.42611120165577 -42.4842286266382 -66.17463245905036 0.036327585999970324
0418 0.04501207172870636 -0.5261523127555847 2.3416433334350586 167.2186904824468 -42.20269028090026 -68.233236406041 0.03425884700118331
0419 0.04241359978914261 -0.5287318825721741 2.3498058319091797 168.0416425625047 -42.77008443716221 -69.94972524801281 0.03947902899381006
0420 0.040116775780916214 -0.5299719572067261 2.352304697036743 168.22691454354396 -43.553227125498154 -69.74332520791427 0.03390207100164844
0421 0.03823379799723625 -0.5308761596679688 2.352385997772217 168.83229810078726 -43.42659934642928 -71.09868807532051 0.032706229998439085
0422 0.0355333611369133 -0.5325138568878174 2.3568787574768066 169.7486517382455 -44.2125473028578 -72.38687127273596 0.032936348994553555
0423 0.03310272470116615 -0.5332462787628174 2.3587305545806885 171.03046655086206 -43.3562167939303 -73.59789695194111 0.03265099499549251
0424 0.03086179494857788 -0.5320849418640137 2.350996971130371 170.8618617396083 -43.08477167741141 -74.17091526591558 0.034398834002786316
0425 0.028162579983472824 -0.5350456833839417 2.361637592315674 171.05823187124628 -43.05941907194946 -74.74591865897256 0.03339102400059346
0426 0.02571100927889347 -0.536693274974823 2.3658394813537598 171.8925919447757 -43.628431577620674 -75.80343341752153 0.03339349399902858
0427 0.02343461476266384 -0.5358451008796692 2.3591840267181396 172.29730642704806 -42.719953021541826 -76.46257191724665 0.03678880599909462
0428 0.0214748065918684 -0.5369335412979126 2.36264705657959 173.11344821835854 -43.288724996801015 -78.06823051180615 0.03845446999912383
0429 0.01826433092355728 -0.5362693667411804 2.3562686443328857 174.0212089326442 -43.568862168484934 -78.57786664194045 0.036592030999599956
0430 0.01655886135995388 -0.5384252071380615 2.3636415004730225 175.27108981169988 -43.22078745547819 -80.47868065479292 0.03338005900150165
0431 0.014080638065934181 -0.5347017645835876 2.3459348678588867 176.6492542281169 -43.58498259642056 -82.00660182926316 0.03386528100236319
0432 0.011559054255485535 -0.5345019102096558 2.3432977199554443 177.2822628351676 -43.47453119270955 -83.01397620951273 0.03641901000082726
0433 0.009093488566577435 -0.5360130071640015 2.347384452819824 177.22055548192077 -43.793475545669814 -83.5076007322355 0.03367466300551314
0434 0.006687644403427839 -0.5358698964118958 2.3459084033966064 179.0812529860358 -43.496765113869465 -85.0264204816364 0.033814431000791956
0435 0.00443461537361145 -0.5376667380332947 2.352264404296875 179.02888042020837 -44.609970781499655 -85.60956272573313 0.03302242800418753
0436 0.0018174968427047133 -0.5373727083206177 2.347679853439331 -179.41007779012162 -44.0163793613396 -87.32307777307267 0.03704663400276331
0437 -0.00035625649616122246 -0.5354604125022888 2.3383448123931885 -178.06708894518655 -44.04385990302077 -89.03945456234207 0.038923113999771886
0438 -0.002626880304887891 -0.5345481038093567 2.333641767501831 -177.72552655315238 -44.03877354067152 -90.06468177648497 0.036481230999925174
0439 -0.005479138344526291 -0.5361202955245972 2.3386178016662598 -176.05149385367332 -43.40912380954323 -91.9114681980781 0.03517329000169411
0440 -0.008514649234712124 -0.5380637049674988 2.3463735580444336 -175.5737902874419 -42.491609075996784 -92.66858068953543 0.03615050200460246
0441 -0.010693768039345741 -0.5393707752227783 2.3511199951171875 -175.45622914110425 -42.721348212661695 -92.95286007795197 0.0328190979998908
0442 -0.01272117905318737 -0.537219762802124 2.3404428958892822 -174.91029490609816 -41.737890200184665 -94.02041939834801 0.034570513998914976
0443 -0.0155190983787179 -0.5412876009941101 2.3573696613311768 -174.76979755042802 -41.43377219837527 -94.4760228564247 0.03615244800312212
0444 -0.01751692406833172 -0.5407758951187134 2.3525030612945557 -173.76507840477603 -42.14613528322265 -95.61227950418895 0.034401113996864296
0445 -0.01986352913081646 -0.5385211706161499 2.341265916824341 -172.69335219729547 -42.37740015899031 -97.50380128326843 0.034205592004582286
0446 -0.02263829857110977 -0.5380540490150452 2.339064836502075 -171.823315068333 -42.13610374195847 -98.53274403042057 0.04077347600104986
