timestamp x_robot y_robot z_robot roll_robot pitch_robot yaw_robot runtime
0000 0.6264548897743225 -0.7829539179801941 5.517119884490967 37.26677533030176 -40.66809520581906 -135.17588122932602 3.5967493829998602
0001 0.5573118329048157 -0.6887112855911255 4.786543369293213 62.55131524571168 -54.03345235379742 -175.56880515740028 2.8107787879998796
0002 0.4862539768218994 -0.5823726654052734 3.974757194519043 149.84139019734124 34.1396218289134 46.00238613447414 2.8246473680001145
0003 0.4949335753917694 -0.5886440873146057 4.021716594696045 146.8903062146528 35.97949823251047 44.48455682421187 0.0443644070001028
0004 0.49593454599380493 -0.5906360745429993 4.009141445159912 150.74436188894379 30.256286961134265 47.74214152219652 0.04374300500012396
0005 0.49189493060112 -0.5833305716514587 3.9456393718719482 150.96601831072505 29.22579713577145 46.4612758805816 0.05237810099970375
0006 0.4899079203605652 -0.5791842937469482 3.909860849380493 148.772704239367 30.396604512293226 44.02964438930598 0.04339569900002971
0007 0.4979262351989746 -0.5863967537879944 3.958665370941162 148.0624260829772 32.52110073329285 42.25186286895689 0.0444236319999618
0008 0.5073872208595276 -0.593382716178894 4.00691032409668 149.87495770507374 30.552854133805678 44.07953523619285 0.04867885400017258
0009 0.5196487307548523 -0.6020646691322327 4.05822229385376 149.6465485384155 34.51381275770345 41.40548738762331 0.046544632999939495
0010 0.520289421081543 -0.6023885607719421 4.061564922332764 148.417224475038 32.82211118074789 41.08462287109301 0.04301010100016356
0011 0.5134098529815674 -0.5945693850517273 3.9865775108337402 148.48609939671064 29.96200291678633 41.473458491801566 0.04554846499968335
0012 0.5285935997962952 -0.6081053018569946 4.06975793838501 149.61943829479378 27.93658421449995 42.288780643876116 0.04627738400040471
0013 0.5273171067237854 -0.6047748327255249 4.040947914123535 147.46135252398366 27.261379003234648 40.480227074943585 0.04363620899994203
0014 0.5230356454849243 -0.5973246693611145 3.988999128341675 146.99977863044597 29.163017399372723 39.241179861494146 0.04737585400016542
0015 0.5205934643745422 -0.5930135846138 3.9559543132781982 142.8314154666146 25.642470334853023 38.304838058049704 0.047024625000176457
0016 0.5193805694580078 -0.5918216109275818 3.9363389015197754 146.55331050990344 25.011355517984914 38.63868323703968 0.04555540199999086
0017 0.5291381478309631 -0.5990681052207947 3.981764078140259 144.78317726322447 27.680724390032744 35.687892058518095 0.04707648900011918
0018 0.5340250730514526 -0.6026558876037598 3.997227668762207 146.4527934788857 28.380999629404716 35.81184421005028 0.049915982999664266
0019 0.5345132946968079 -0.6020415425300598 3.9839346408843994 145.94093234300905 26.806925355719912 35.66094048206206 0.0478514820001692
0020 0.5383915305137634 -0.603416919708252 3.9896888732910156 143.0388166536851 27.34475848278489 33.203905370393834 0.046397558999615285
0021 0.5457083582878113 -0.6102107763290405 4.0297980308532715 145.4330214655747 26.516608625636042 34.27448712961682 0.04893002400012847
0022 0.5453227758407593 -0.6094796061515808 4.011483669281006 143.87127172568714 25.981908117833317 32.72518611795797 0.04406157899984464
0023 0.5417874455451965 -0.604962170124054 3.9758710861206055 140.6819998068963 23.51427638417125 31.61140061453983 0.04520146599998043
0024 0.5603600144386292 -0.6234759092330933 4.086036205291748 145.84667579448129 22.265652233208048 33.194675160575486 0.042454508999981044
0025 0.5557418465614319 -0.6184001564979553 4.040378570556641 143.53839550706863 20.68410669416412 31.955040283519004 0.04419417600001907
0026 0.5594794154167175 -0.6202899813652039 4.0460944175720215 142.58227073812932 21.297398207392053 30.970259222142765 0.04506480299960458
0027 0.5570831894874573 -0.6165562272071838 4.01534366607666 140.89830187914004 20.824047303497647 30.062669751351397 0.043859565000275325
0028 0.5541062951087952 -0.6118759512901306 3.974726676940918 141.358813217703 23.698803832703618 27.760562963843295 0.04461677300014344
0029 0.5532013177871704 -0.611395537853241 3.9613912105560303 138.59971955978662 19.503374789797427 28.822334189002248 0.04458294999994905
0030 0.5590360760688782 -0.6148519515991211 3.9784035682678223 140.64574195724109 16.27971260756082 29.97246275920192 0.04345684500003699
0031 0.5679687857627869 -0.6256228089332581 4.0364508628845215 141.57810305433267 18.001162937266457 26.69694900665734 0.04805207799972777
0032 0.564199686050415 -0.621410071849823 3.986065149307251 137.66054550361994 16.116663113816156 26.553255182908348 0.04412165099984122
0033 0.5702534914016724 -0.623209536075592 4.0063958168029785 141.8611495568192 16.900147254354962 26.655151036562696 0.04470352299995284
0034 0.572740375995636 -0.6262307167053223 4.012956619262695 138.54066493282707 18.398021275824462 25.15605131617946 0.0447996470002181
0035 0.5670434236526489 -0.6203330159187317 3.969252586364746 137.30465565761745 17.90203976799989 24.742558486097575 0.04483054899992567
0036 0.5706198215484619 -0.624731719493866 3.9874446392059326 138.0726824044174 16.069454382838295 23.557783682523855 0.04454631600037828
0037 0.569012463092804 -0.6222968101501465 3.9584622383117676 137.6163148078948 17.23146233124392 21.183377001409163 0.04333353399988482
0038 0.567276120185852 -0.6198415160179138 3.9323248863220215 136.72743400361415 15.732117402727804 21.28077003745919 0.043444217999876855
0039 0.5762478113174438 -0.6291034817695618 3.981635332107544 138.38411468899216 15.22560834738231 21.947853470288223 0.04360414800021317
0040 0.5789939165115356 -0.631087601184845 3.985658884048462 135.9441999154083 17.540893709004646 20.157984168325605 0.04561845500029449
0041 0.5789969563484192 -0.6294463872909546 3.9660162925720215 136.12961943074956 15.650882188354412 20.44975750020823 0.04375675199980833
0042 0.5790096521377563 -0.6289609670639038 3.9542791843414307 134.93086218550943 17.733561442628226 18.18481808587578 0.0465871800001878
0043 0.5742565393447876 -0.6242159008979797 3.9183168411254883 134.38420457842454 13.23315782434791 20.073913980444967 0.047447063999698
0044 0.5827378630638123 -0.6320921182632446 3.9582982063293457 136.8509112409124 17.19808667845444 17.060326134310944 0.04516742999976486
0045 0.5826619267463684 -0.6328734755516052 3.9509646892547607 133.75752707571021 13.746387723839206 16.899829793949564 0.04510465099974681
0046 0.5881140828132629 -0.6387754082679749 3.9833881855010986 137.49988044627975 14.077656739106523 17.967966106973584 0.042681969000113895
0047 0.5840429663658142 -0.6346037983894348 3.9429566860198975 131.16069154277938 13.26159088691084 15.8776648185224 0.04400172800023938
0048 0.5949267745018005 -0.6450712084770203 4.006125450134277 140.19897605200543 11.839332281241411 17.48865771991283 0.04172655100001066
0049 0.5905619859695435 -0.6416630148887634 3.9670732021331787 133.21131822731363 12.246923985940635 15.804957701399669 0.04621719199985819
0050 0.59867262840271 -0.6488495469093323 4.005944728851318 137.8726416684644 16.1151138008266 13.533957404757153 0.045148202999826026
0051 0.6018303632736206 -0.652683675289154 4.018220901489258 133.84824377144423 11.297377492785017 13.323516799562627 0.04225404199996774
0052 0.6063836216926575 -0.6583475470542908 4.042841911315918 136.3509981276761 13.715539866222136 13.061969091174335 0.04465779299971473
0053 0.605381429195404 -0.6574559807777405 4.027781009674072 135.26450661105 13.137049593537492 12.899722282850963 0.043347627999992255
0054 0.6086658239364624 -0.6606177091598511 4.038987159729004 134.94086402010865 11.766741939638854 12.28780408768544 0.04914257400014321
0055 0.6084439158439636 -0.6610760688781738 4.0310258865356445 134.21716606441075 8.51317988803765 13.623045151666982 0.0449848739999652
0056 0.605231761932373 -0.6569662094116211 4.001721382141113 134.4794040100613 11.139145933637034 10.414752269093409 0.04294893099995534
0057 0.6100889444351196 -0.6646509170532227 4.033536434173584 134.24199707681436 7.835964622410189 11.31766111456343 0.04502523800010749
0058 0.6071099638938904 -0.660474956035614 3.9996583461761475 134.0230267204019 7.824549025247233 11.368920168097674 0.05318646200021249
0059 0.6130385994911194 -0.6689856052398682 4.036654949188232 135.5702292926498 9.971324232528847 9.009252289862989 0.043770944999778294
0060 0.6132484078407288 -0.6711649894714355 4.036457538604736 133.86623763055167 5.731520953586059 10.845167842256313 0.045829622999917774
0061 0.6116292476654053 -0.6694872379302979 4.019500732421875 133.70771644892358 6.482266179063684 9.597508118440155 0.042871163000199886
0062 0.614984929561615 -0.6731385588645935 4.033746242523193 133.4150191136802 6.958166394045774 7.805342914239019 0.04326534499978152
0063 0.6139621138572693 -0.6717495918273926 4.01658821105957 133.69732169856613 8.720309713849204 5.523752572051655 0.05442683699993722
0064 0.6139077544212341 -0.6730320453643799 4.013010025024414 133.55776024363092 7.302780539059883 6.1380198306998714 0.0474450120000256
0065 0.6173163652420044 -0.678734302520752 4.031092643737793 134.1449952886408 3.132641082097734 8.673051712459435 0.04619391500000347
0066 0.6111360192298889 -0.6719276905059814 3.981776714324951 132.65306400409466 6.315909822528518 3.9935413133632602 0.045012948000021424
0067 0.6067298650741577 -0.6679720282554626 3.950432062149048 132.05394930533677 5.944798857529312 3.4984897148770573 0.0447626569998647
0068 0.6092635989189148 -0.672398030757904 3.9647562503814697 132.5732483391589 4.159137994413183 5.17962940666922 0.0468036749998646
0069 0.6045229434967041 -0.6688451170921326 3.9309940338134766 131.47720470505453 0.34316357310801787 7.142867614488624 0.04443079400016359
0070 0.6061554551124573 -0.6725362539291382 3.944077253341675 132.0814652728972 2.5048200458906145 5.517396813442397 0.04342095999982121
0071 0.6092220544815063 -0.6759977340698242 3.951134443283081 132.20743193979692 -0.050030496793708225 5.946769361198888 0.042984226000044146
0072 0.6107961535453796 -0.6788820624351501 3.9618277549743652 132.41603972011404 1.0589126809601015 3.503911720228623 0.04256883399966682
0073 0.6089804172515869 -0.6775651574134827 3.9472033977508545 131.37639896936315 -1.8188410225893312 3.9138980476777396 0.04455262900000889
0074 0.6118097901344299 -0.6815810203552246 3.9611568450927734 133.13604241102394 0.29437177327865416 3.524486990997144 0.0438215509998372
0075 0.6153940558433533 -0.6883643865585327 3.9860408306121826 131.61397330383272 -2.6480109411967994 3.340008060464813 0.044685250999918935
0076 0.6227954030036926 -0.6969563364982605 4.023468971252441 133.02542566837644 -2.4620455549582325 3.169957581404243 0.042610894999597804
0077 0.6289172768592834 -0.70562344789505 4.066110610961914 133.86626096505938 -3.459226820179749 2.8042387493983374 0.05051117000039085
0078 0.6334335803985596 -0.7119374871253967 4.093473434448242 134.19383469198655 -2.8275739360875463 1.1900579821064257 0.04312999400008266
0079 0.6386862397193909 -0.7198715806007385 4.125887870788574 134.39574936419737 -2.248339527792556 -0.8877630630329691 0.050700679999863496
0080 0.6381679773330688 -0.7209420800209045 4.122579574584961 134.29786493582316 -1.6084611255490069 -1.7269048236072877 0.053568416999951296
0081 0.6424018740653992 -0.7275042533874512 4.148683071136475 136.21687982632673 -2.1546055474554664 -1.9504308955996787 0.044277555999997276
0082 0.6398908495903015 -0.7255954742431641 4.129025936126709 134.63791555882148 -2.035420286509376 -3.4501503222007575 0.04374239700018734
0083 0.6378616690635681 -0.7255515456199646 4.117751598358154 134.8892291263885 -3.568407579649057 -3.0077141370112974 0.04659476699998777
0084 0.6372035145759583 -0.7267435193061829 4.111518859863281 134.38233576172752 -4.218527776434077 -3.3261797075200628 0.0463164089997008
0085 0.6356465220451355 -0.7269783616065979 4.104136943817139 134.1805424496219 -2.96832251520385 -5.396897325190118 0.04604962199982765
0086 0.6256144642829895 -0.7172352075576782 4.040217399597168 131.85839333297807 -1.4935970561561511 -7.210505196288 0.04373282899996411
0087 0.6175885200500488 -0.7096633315086365 3.993594169616699 130.94272388058155 -1.6023819887342496 -7.833312910677601 0.04510082499973578
0088 0.6201391220092773 -0.7150498628616333 4.00834846496582 132.79057518373645 -5.205687077203705 -6.2113388261049405 0.04343691000030958
0089 0.6225076913833618 -0.7199056148529053 4.022491455078125 133.20207143860227 -3.203395518603701 -8.825850092786691 0.04481011400002899
0090 0.6258584856987 -0.7255304455757141 4.0452423095703125 133.94012559164105 -4.170605069378146 -9.324047920469551 0.04520010799978991
0091 0.6273159980773926 -0.7290622591972351 4.058495998382568 132.58430958648313 -6.6717465015130095 -8.320824039523016 0.04467259699958959
0092 0.6275769472122192 -0.7330971360206604 4.064648151397705 134.37091953626796 -9.482133060481043 -6.8245605326551235 0.05082041500008927
0093 0.6323263645172119 -0.7399183511734009 4.090360164642334 132.8951065286688 -6.392617626621905 -9.526099230204254 0.04827922800041051
0094 0.6344605088233948 -0.7458329796791077 4.1091766357421875 135.51161504650247 -9.77764592232774 -9.475199159825499 0.04173919400000159
0095 0.6330244541168213 -0.7468540668487549 4.107605457305908 134.89996604260477 -8.709854124949157 -10.297845335245286 0.04476965599997129
0096 0.6342536807060242 -0.750795841217041 4.121039867401123 134.23221062874512 -8.71906468607819 -10.785135701192669 0.0446388659997865
0097 0.6332552433013916 -0.752280056476593 4.119280815124512 133.54910448064606 -6.310742148583836 -12.619380994443112 0.04430213700015884
0098 0.6357765197753906 -0.7571339011192322 4.137330055236816 134.8706970698518 -7.5496411429241315 -13.71907491437978 0.04562646499971379
0099 0.6344601511955261 -0.7578349709510803 4.132298946380615 135.45498255460544 -8.670778708235844 -14.022128910516079 0.04295050600012473
0100 0.6376020908355713 -0.7640107274055481 4.15764856338501 136.7419584548335 -10.05622605902163 -13.789797217840965 0.04369704600003388
0101 0.6370151042938232 -0.7665913701057434 4.160272121429443 135.8429244811307 -9.455259669502711 -15.136930565575808 0.04696810000041296
0102 0.6312230825424194 -0.763081431388855 4.127134323120117 134.01607165165166 -11.040231111157599 -14.74136005001688 0.048296977000063634
0103 0.6295260190963745 -0.763555645942688 4.12360143661499 136.40578381494618 -10.088031817553459 -15.91356585262815 0.0454304510003567
0104 0.6236944198608398 -0.7594103813171387 4.085433483123779 133.02665251479073 -10.933682728454288 -14.719224439761929 0.0456220089999988
0105 0.6260249614715576 -0.763974666595459 4.104814529418945 138.57033747370218 -13.872604789028637 -15.435833166761777 0.04450142700034121
0106 0.6264488697052002 -0.7685389518737793 4.11555814743042 133.1227606307064 -11.678339539725757 -16.34844933395463 0.04817257899958349
0107 0.6267809867858887 -0.7706112861633301 4.121705055236816 136.32737313362412 -13.797227345248153 -15.858577711916634 0.05094349899991357
0108 0.6171359419822693 -0.7627741694450378 4.064377784729004 131.81449849480543 -13.554425011785016 -16.281244116832255 0.04565614800003459
0109 0.6088641881942749 -0.7562920451164246 4.0147809982299805 135.69479049545774 -15.225224092095946 -15.628651672335101 0.04506880500002808
0110 0.6169649362564087 -0.7689794898033142 4.078152656555176 134.29071572561074 -17.251126333513845 -15.25559558150767 0.043342642999959935
0111 0.6227426528930664 -0.778764545917511 4.12080717086792 137.62794061705736 -18.77398497768583 -15.840208689517837 0.050705813999684324
0112 0.6349908709526062 -0.7951653003692627 4.209781646728516 137.53070208194194 -17.8792438776804 -17.39898676828078 0.04681419799999276
0113 0.632771372795105 -0.7969063520431519 4.205854892730713 138.3569776652041 -17.38226004314932 -19.003087527949706 0.04679438499988464
0114 0.6254106163978577 -0.7925024032592773 4.16866397857666 133.76241997776762 -16.360268986359507 -18.491939002969758 0.045939186999930826
0115 0.6278781294822693 -0.7978481650352478 4.193521499633789 138.35907326431538 -15.455128388210333 -21.272325066896002 0.04300644700015255
0116 0.6183663606643677 -0.7912394404411316 4.140693187713623 137.7347773672343 -19.27333571973964 -20.446396648028493 0.04406167100023595
0117 0.6209456920623779 -0.7985600233078003 4.169346809387207 142.67427541879715 -18.580980911752285 -23.368054077355108 0.04493557800014969
0118 0.6327148079872131 -0.8144822716712952 4.249346733093262 140.20751105089226 -17.229639415478573 -24.225500709071053 0.0487181230000715
0119 0.6308062076568604 -0.8161364793777466 4.247666358947754 138.91050880597479 -17.684158596882 -24.95515820364139 0.04518472900008419
0120 0.6187421679496765 -0.804593026638031 4.174352645874023 135.87947374786043 -20.07340356733652 -22.311369949700282 0.04630477400041855
0121 0.6102068424224854 -0.7972261905670166 4.124742031097412 140.90976787517656 -14.85043402232536 -26.01541958341138 0.043346079000002646
0122 0.6063353419303894 -0.7964035272598267 4.117521286010742 135.76755001953217 -17.531493973406796 -26.772908614225354 0.04295040599981803
0123 0.6024236083030701 -0.7930843830108643 4.089320182800293 135.21697934946542 -17.442102378516644 -24.48643863462614 0.043841300000167394
0124 0.6046964526176453 -0.8003716468811035 4.120161056518555 137.41893040933945 -20.694754148288595 -24.477038894459426 0.050784625000233063
0125 0.608920693397522 -0.810644805431366 4.163726806640625 136.90336075820582 -20.696962460622334 -24.62719989459155 0.04827561999991303
0126 0.604373574256897 -0.8083354234695435 4.143786430358887 137.70711954580315 -18.99754793800592 -26.35311623567907 0.04406618000029994
0127 0.5975778698921204 -0.8059333562850952 4.119190216064453 138.7509777486899 -21.08608602972019 -26.26952251032498 0.04346277399963583
0128 0.5966565012931824 -0.8081058859825134 4.124696731567383 137.37639804029922 -20.979476332826227 -26.832085056127912 0.04545672799986278
0129 0.5996543169021606 -0.8156384825706482 4.157625198364258 138.19382437448633 -21.741796455314248 -27.09961904445229 0.04568485199979477
0130 0.601934015750885 -0.8210365772247314 4.179166793823242 138.58676001684853 -22.980964266082054 -27.62167099131702 0.04436629099973288
0131 0.5999804139137268 -0.8229891061782837 4.170400142669678 140.45614733098617 -21.313396371179667 -30.01232168432759 0.04572637399996893
0132 0.5951712727546692 -0.8221952319145203 4.157803535461426 139.15246465485575 -23.242823396223027 -29.59298911089502 0.04421321600011652
0133 0.5993185043334961 -0.8294988870620728 4.194145679473877 141.10824453189576 -22.412357790188278 -30.542279826829564 0.0510618749999594
0134 0.5939814448356628 -0.827938437461853 4.174493789672852 139.91414496369654 -23.81816444425178 -29.86659618986841 0.04449216700004399
0135 0.5929156541824341 -0.8328958749771118 4.190616130828857 140.97768634987273 -25.942278229639196 -32.106515267281026 0.043127347999870835
0136 0.5974575281143188 -0.8426610231399536 4.233396530151367 141.40557631778935 -27.193777165896268 -30.938920478550667 0.04474841000001106
0137 0.599643886089325 -0.8479934930801392 4.254019737243652 145.28182030265012 -27.35094075874518 -33.87259531940054 0.04625924900028622
0138 0.5996840596199036 -0.8522824645042419 4.269518852233887 148.37975148034056 -24.33932893440001 -38.5720193733547 0.04737562500031345
0139 0.5958014726638794 -0.8522424697875977 4.264089107513428 145.66816385322645 -27.187401817628718 -37.35587204004899 0.046769520999987435
0140 0.5942479968070984 -0.8535508513450623 4.263659954071045 148.87734822630478 -30.73141538666444 -37.330387945980696 0.04400026900020748
0141 0.5938711762428284 -0.85826176404953 4.276304721832275 147.59488078400793 -31.552520224810714 -38.16156109843301 0.04383695899969098
0142 0.5896221399307251 -0.8553245067596436 4.254083156585693 143.12277647902278 -31.53257423585511 -34.390253112347374 0.045729234000191354
0143 0.5895606875419617 -0.8630868792533875 4.28314208984375 145.07744319076113 -31.65542626253847 -37.12893341027417 0.04394460399998934
0144 0.5968304872512817 -0.8743795156478882 4.339797019958496 148.5788581689705 -30.900572631952432 -39.600354458028505 0.04422539500001221
0145 0.5934780240058899 -0.8758923411369324 4.335119247436523 149.71501150388076 -32.73620340345 -43.13827417659936 0.04368817499971556
0146 0.5860457420349121 -0.8703572750091553 4.297324180603027 150.71079151631466 -35.47445201876857 -43.208049821219255 0.04504700100005721
0147 0.5839165449142456 -0.871528148651123 4.295948505401611 147.0814118762004 -35.12288562532157 -40.58936580547672 0.04513617400016301
0148 0.5778273940086365 -0.8707809448242188 4.284249305725098 148.28613499632755 -37.57474320357789 -40.49832011188772 0.04389370199987752
0149 0.5771870613098145 -0.8716819882392883 4.281460285186768 140.51456955055397 -41.45212693000075 -37.053722133775 0.044849505000001955
0150 0.5714364051818848 -0.8713716864585876 4.266154766082764 151.13726895990175 -38.8183338364224 -44.371741601747 0.045639097999810474
0151 0.5837292671203613 -0.8936948776245117 4.37870979309082 153.01034419104118 -35.38827303295612 -47.75114836276502 0.04595110499985822
0152 0.5783095359802246 -0.892084002494812 4.3618950843811035 147.8288508462235 -37.92631518616646 -43.749212416945795 0.05438090999996348
0153 0.5770158171653748 -0.8934917449951172 4.36064338684082 146.8146138562517 -32.26355354790116 -44.34942636591033 0.04620798999985709
0154 0.5778056383132935 -0.8967182040214539 4.376741409301758 151.74592169586722 -35.466196728642565 -47.91303378454088 0.047915619000377774
0155 0.5739759802818298 -0.8987358808517456 4.374743461608887 150.92787321013532 -29.50276518089046 -49.091236319371646 0.048723850999977
0156 0.576016366481781 -0.9079481363296509 4.414390563964844 150.44306909735485 -37.12090764293447 -49.64198543965868 0.046010031000150775
0157 0.5676431059837341 -0.9013979434967041 4.374490737915039 152.9096182869768 -39.31226864164795 -49.77871718869926 0.04488259100025971
0158 0.5616248846054077 -0.8956738710403442 4.338659286499023 149.4596673449408 -39.91431118491488 -48.389438324125905 0.05445210000016232
0159 0.5573743581771851 -0.8986409902572632 4.345771789550781 148.9482935997966 -37.06457757773881 -46.076660638742965 0.046211237000079564
0160 0.5506948232650757 -0.8929039835929871 4.3155107498168945 144.45138896363989 -36.7567431431653 -44.354392984369746 0.04524823199972161
0161 0.549347996711731 -0.894353449344635 4.313921928405762 148.0563110305345 -32.47568318014098 -49.098164351110405 0.044330737000109366
0162 0.5505909323692322 -0.9015117883682251 4.352269172668457 156.11234468996722 -32.05848397315996 -54.18959110123331 0.052696798000397393
0163 0.5581565499305725 -0.9217976331710815 4.444607734680176 157.18952018975943 -33.82347029072409 -57.67013031541406 0.04476733000001332
0164 0.5531588792800903 -0.9186363816261292 4.417782306671143 157.13571930223088 -37.04299036453093 -56.87226712771577 0.04388809300007779
0165 0.5482004880905151 -0.9160439968109131 4.400298595428467 157.65387875592174 -37.48947286344151 -55.24922909672203 0.04588428800025213
0166 0.5373664498329163 -0.907504141330719 4.34384298324585 156.08906876758928 -40.96829155660015 -54.928004660647645 0.04535605099999884
0167 0.5397019982337952 -0.9154937267303467 4.377937316894531 156.62630183112626 -35.197496695763924 -57.65920482217703 0.04523865400005889
0168 0.5335824489593506 -0.909839928150177 4.35394811630249 159.9126827758078 -34.688620343947065 -59.22457988353692 0.05114046100015912
0169 0.530963659286499 -0.9113791584968567 4.357757091522217 157.42575314190069 -36.403188308189996 -61.44747186081203 0.0477309289999539
0170 0.528967022895813 -0.9166454672813416 4.377710819244385 154.5260194552854 -39.36453571440056 -56.38670743779253 0.045107701999768324
0171 0.5235589146614075 -0.9144463539123535 4.359350681304932 156.6287921082407 -39.82371282526619 -59.961591051707124 0.044541512000250805
0172 0.5226866602897644 -0.9140985012054443 4.355374336242676 160.1969936568878 -37.27582766874672 -61.311259111179766 0.04471868700011328
0173 0.5197716355323792 -0.9155136346817017 4.361344337463379 164.66963957735237 -38.85321232505167 -65.3481898992481 0.045381137000276794
0174 0.5234221816062927 -0.9292209148406982 4.427860260009766 161.14437277014267 -45.991558524421215 -63.82404700231695 0.044326096000077087
0175 0.5158876776695251 -0.9193032383918762 4.365533351898193 155.106000429447 -42.6450631720447 -59.4004715319884 0.04386178999993717
0176 0.5178214311599731 -0.9329915046691895 4.431145668029785 162.1328303954956 -39.089686971992556 -64.44918200532484 0.051207405000241124
0177 0.5184061527252197 -0.9417620301246643 4.473063945770264 161.8584210402002 -35.28243033677044 -67.45372599063508 0.0443377460001102
0178 0.5151504874229431 -0.9402956366539001 4.457739353179932 156.0441471319441 -46.91225519871688 -61.74101791130275 0.04393638000010469
0179 0.5077486038208008 -0.9291717410087585 4.406591415405273 156.77362638014864 -45.602858466886616 -61.30541297145687 0.04787975099998221
0180 0.5059405565261841 -0.93962562084198 4.4446282386779785 160.78032675784908 -46.77902662627013 -64.65224713676058 0.046134938999784936
0181 0.5081297159194946 -0.9484894871711731 4.480462074279785 159.24434617930714 -42.69114669239214 -65.66836713981267 0.04752485900007741
0182 0.5063143372535706 -0.9481751918792725 4.487665176391602 160.96333862100238 -42.37766174573442 -67.5956100557159 0.04283317799990982
0183 0.49890217185020447 -0.9487549066543579 4.467398643493652 164.0169226512675 -44.843856564726025 -71.15833698712596 0.04547313400007624
0184 0.49417904019355774 -0.9440189003944397 4.4513258934021 167.8793048385514 -38.88623934117735 -72.93916482565926 0.04435703199987984
0185 0.4941086769104004 -0.9533129334449768 4.483036518096924 169.2119685600636 -33.14685479520241 -74.95407835904011 0.0493388749996484
0186 0.4923359751701355 -0.9540336728096008 4.488006114959717 163.56292065729045 -42.559598807588415 -70.9316925524473 0.044975199999953475
0187 0.4850599765777588 -0.9490151405334473 4.462428092956543 166.38180073735748 -43.47528141993005 -72.55527665954682 0.045209349999822734
0188 0.48043128848075867 -0.9458290934562683 4.448358535766602 165.36664837056375 -47.65427899011148 -71.59835892756182 0.04426992899971083
0189 0.47921234369277954 -0.9525817036628723 4.476274490356445 163.78905211416125 -48.27485566216136 -71.72579299214013 0.04658710000012434
0190 0.47586801648139954 -0.9515487551689148 4.466492652893066 163.8413522925797 -50.78696200775768 -72.31636336804394 0.044954939000035665
0191 0.4753457307815552 -0.9593032598495483 4.499719142913818 168.39333853239856 -49.44820410539625 -75.8207405382987 0.04857704200003354
0192 0.46756505966186523 -0.9527285695075989 4.4643988609313965 173.884118044543 -45.33053838836825 -80.09408692861305 0.045344771000145556
0193 0.4662376344203949 -0.950511634349823 4.46046257019043 171.66582027396788 -46.735899003008456 -80.35720459341326 0.04677981799977715
0194 0.46078455448150635 -0.9469324946403503 4.438690662384033 178.56108464110386 -46.63701561149834 -84.29492078636784 0.0462697810003192
0195 0.46089425683021545 -0.9514268636703491 4.460068225860596 171.4980720663262 -44.73664918777232 -81.92179653754137 0.046343213000000105
0196 0.44989752769470215 -0.9373558163642883 4.3872857093811035 178.07541911334823 -48.26399244347398 -85.8257586103375 0.044782768999994005
0197 0.4417502284049988 -0.9272665977478027 4.338953971862793 -179.346780566585 -45.97800511802662 -85.95347299037417 0.044244773000173154
0198 0.43714532256126404 -0.9258118271827698 4.334506034851074 -177.56618834124157 -43.46432099789786 -91.85361571285883 0.04328871200004869
0199 0.43130362033843994 -0.9235901236534119 4.314164161682129 -173.8562670252467 -48.41947642891874 -94.07019857756148 0.04443230700007916
0200 0.42713090777397156 -0.9214779138565063 4.3060455322265625 -174.84589058974862 -50.020270595657585 -94.44616758414892 0.044003062000228965
0201 0.42179104685783386 -0.9201949834823608 4.301738739013672 -172.0411564116958 -48.982967656210874 -96.06975170358498 0.04568015299992112
0202 0.42112821340560913 -0.9287761449813843 4.331074237823486 -174.42702284455854 -48.221750688543025 -94.24720469538877 0.0457484509997812
0203 0.42390140891075134 -0.9396135807037354 4.390018939971924 -171.21936828210116 -48.55847934157645 -97.03992644760906 0.04563685099992654
0204 0.4220004677772522 -0.9431089162826538 4.395265102386475 -173.83165037325185 -50.8848645849404 -96.70665998388931 0.04341904800003249
0205 0.4144376814365387 -0.9339001178741455 4.35707950592041 -172.801078988686 -52.2984755558517 -97.71895231819929 0.04514270099980422
0206 0.41252028942108154 -0.940148651599884 4.383161544799805 -172.32075697380972 -51.9417647254643 -99.0153221273847 0.04440833900025609
0207 0.40655484795570374 -0.9325355887413025 4.34906530380249 -172.96973770072358 -52.857319780805355 -99.6980377673917 0.04593707200001518
0208 0.38983088731765747 -0.9012654423713684 4.19807767868042 -171.56336436763235 -54.45725666041913 -101.22087357880451 0.04513285699977132
0209 0.39422160387039185 -0.9183756113052368 4.281985759735107 -173.77768894827616 -54.65836072224343 -99.91955842322174 0.04738298800020857
0210 0.3904047906398773 -0.9200633764266968 4.285942554473877 -169.62549338680358 -53.661535509130815 -102.38282031329186 0.04537046899986308
0211 0.3951459228992462 -0.9317700266838074 4.341608047485352 -171.3621624459067 -52.37293477589213 -101.61687478635679 0.044184834999668965
0212 0.3947232961654663 -0.9446752667427063 4.403297424316406 -172.06664024082764 -52.896426875196425 -102.445207191131 0.044729836999977124
0213 0.3886524438858032 -0.9348471164703369 4.35729455947876 -165.2334602342218 -50.05600788660363 -105.90988421632278 0.04423896699972829
0214 0.3880014717578888 -0.9378348588943481 4.372183799743652 -166.65992832940302 -49.86676085612775 -107.64777913775112 0.0446896079997714
0215 0.3934740722179413 -0.9590613842010498 4.469653606414795 -165.39729826851377 -47.61744125701741 -106.42035097641444 0.045801425999798084
0216 0.38933974504470825 -0.9563263654708862 4.456757068634033 -163.41479854192764 -43.175172260676 -108.39337669934494 0.04227869299984377
0217 0.3831624984741211 -0.9486236572265625 4.426969528198242 -164.0645808268491 -46.03886805948219 -108.6089639124776 0.04320050700016509
0218 0.38115498423576355 -0.9548946022987366 4.455838203430176 -163.16691030058033 -46.47220608047391 -109.10976914484264 0.04919900400000188
0219 0.37824881076812744 -0.9558919668197632 4.45856237411499 -162.999471441535 -45.635786161269 -111.1099936077259 0.04570389199989222
0220 0.379019170999527 -0.9670790433883667 4.510594367980957 -163.25949559450208 -44.37873436298734 -110.67548488783567 0.04556956900023579
0221 0.376011461019516 -0.9662197232246399 4.5014729499816895 -164.89128438089918 -45.59546218083667 -110.65084676372668 0.04753908599968781
0222 0.36803534626960754 -0.9508355259895325 4.4297404289245605 -159.0458970945059 -49.791849042092615 -114.75271676899003 0.04412772500018036
0223 0.370423823595047 -0.9678309559822083 4.508288383483887 -165.2130110587896 -45.40491427745619 -113.24282952800233 0.041607317999933
0224 0.36358585953712463 -0.9596146941184998 4.477564811706543 -159.3712436484108 -46.04777793168281 -115.76116607776599 0.04414503199996034
0225 0.3622395098209381 -0.9611948728561401 4.487534999847412 -165.98662874299248 -44.33019387585603 -113.7512892926192 0.04370100200003435
0226 0.3601646423339844 -0.9686166048049927 4.519719123840332 -162.01542208513683 -43.489164968047625 -115.55058542732577 0.04311508099999628
0227 0.35619160532951355 -0.9647982716560364 4.5049638748168945 -159.99250891694686 -45.996003922027654 -117.27592919999597 0.045956103000207804
0228 0.34768223762512207 -0.9497449994087219 4.433166027069092 -156.21428201218976 -47.3651485123336 -121.81903590872425 0.04796266400035165
0229 0.3511371910572052 -0.9684180617332458 4.524776458740234 -159.51167633974555 -43.22805795291677 -120.34181036638277 0.047197675999996136
0230 0.3444591462612152 -0.960023045539856 4.480687141418457 -154.11657663607517 -45.16683517108149 -122.76119683906441 0.043889040000067325
0231 0.34307771921157837 -0.9649242162704468 4.5088019371032715 -158.64430467414465 -43.63018293927251 -122.25582328926242 0.04515302200024962
0232 0.3387719690799713 -0.9625276923179626 4.495702743530273 -153.96919644543686 -43.01557009222276 -124.17486366980863 0.04707919200018296
0233 0.33487582206726074 -0.9610375165939331 4.491777420043945 -157.3648493754328 -41.87668033598851 -122.80477994664618 0.04463649700028327
0234 0.33418646454811096 -0.9673107266426086 4.524735927581787 -155.06758603406197 -42.07067232593403 -124.55075263992842 0.04552730100022018
0235 0.3287637531757355 -0.9596092700958252 4.49249267578125 -153.15206363297807 -43.12875703858994 -126.5637137621214 0.04630754799973147
0236 0.32445964217185974 -0.9555389881134033 4.472213268280029 -152.97633831462437 -41.3494488427499 -127.34333787045625 0.04565680499990776
0237 0.3236505091190338 -0.9642589688301086 4.521522045135498 -154.6489834055407 -37.08976065536183 -126.50581076615485 0.0445223779997832
0238 0.3198659420013428 -0.9602036476135254 4.508259296417236 -153.89125698328644 -38.16273128280507 -127.01060111829653 0.04770074099997146
0239 0.3175371289253235 -0.9589208364486694 4.505752086639404 -154.04733892413367 -35.79755498720133 -127.55219769007013 0.0427157639996949
0240 0.3112766146659851 -0.9529420733451843 4.478928089141846 -149.26941881480266 -34.27942136830733 -129.7143814171719 0.04757306600004085
0241 0.3043682277202606 -0.9414318799972534 4.42659330368042 -152.69396539919424 -38.4351988945876 -129.27437630059362 0.047289934999753314
0242 0.2988201677799225 -0.9320271015167236 4.378626823425293 -149.27250551360015 -34.755102060002855 -131.5410634769588 0.045421502999943186
0243 0.2915208339691162 -0.919620931148529 4.323868751525879 -147.6156549163494 -33.10863179464063 -131.3767684589335 0.04859836200012069
0244 0.2882912755012512 -0.9181071519851685 4.323679447174072 -148.37391286008742 -33.205148051002666 -132.4952406984053 0.04370429599975978
0245 0.29029449820518494 -0.9320424795150757 4.396903991699219 -148.88856666057654 -36.547772613362376 -133.2191304443249 0.04501339100033874
0246 0.29133841395378113 -0.9425992369651794 4.447577953338623 -148.3500909219321 -37.226653013190145 -134.58471954507567 0.04759364499977892
0247 0.2870712876319885 -0.9388452768325806 4.427029132843018 -149.26654316695635 -36.16620392138475 -135.13846065607004 0.04500714200003131
0248 0.2861254811286926 -0.9486419558525085 4.489038467407227 -151.19585692502724 -34.03580195160964 -132.62525707818526 0.04331619899994621
0249 0.2823096811771393 -0.9447460174560547 4.477957248687744 -149.52347878483673 -34.72471539577311 -132.75409567376823 0.0440094840000711
0250 0.27735674381256104 -0.9358440041542053 4.436824798583984 -147.3907474581427 -32.64749660016578 -135.39404328878175 0.05393110200020601
0251 0.2755502164363861 -0.9416525363922119 4.46405553817749 -147.2221138087747 -33.78648345629979 -137.4532571470276 0.04547435799986488
0252 0.2709724009037018 -0.9334897994995117 4.423207759857178 -145.0599317112983 -33.01809338513203 -138.5516261488116 0.04575635100036379
0253 0.2694346606731415 -0.9364320635795593 4.44089937210083 -146.91325204726274 -32.484918529461865 -138.75397260228232 0.04410366700039958
0254 0.26703742146492004 -0.936697244644165 4.446752071380615 -143.60250225695248 -34.22719257276284 -141.6290967065125 0.044239679999918735
0255 0.26342082023620605 -0.9337698221206665 4.432250499725342 -144.47136901222595 -34.49680832927372 -142.60573803531182 0.049065946000155236
0256 0.26284968852996826 -0.9338957071304321 4.437824726104736 -141.72592651499127 -33.58041418709589 -144.8202656216322 0.04430707600022288
0257 0.26067882776260376 -0.9337976574897766 4.443537712097168 -144.19442431162793 -34.28923151215342 -144.25864385724282 0.046219352999742114
0258 0.2562410533428192 -0.9279274344444275 4.420693397521973 -143.3467905490616 -33.86447445331231 -145.2947228775504 0.047613010999612015
0259 0.2523888647556305 -0.9240448474884033 4.406993389129639 -143.43904538164557 -32.676369480152275 -146.54655363159213 0.046470530000078725
0260 0.24731847643852234 -0.9138888120651245 4.360057353973389 -140.92041198780223 -32.61865054001952 -147.74517004391507 0.0417801580001651
0261 0.24483373761177063 -0.9139541387557983 4.3640336990356445 -139.2756583044005 -31.739088891189926 -149.2518644853407 0.04560338999999658
0262 0.24240054190158844 -0.9163757562637329 4.37925386428833 -140.2104719021646 -31.20996888083395 -149.29083070529092 0.044879924000269966
0263 0.2384227216243744 -0.9089478254318237 4.348928928375244 -138.85686334627184 -32.211621576474606 -151.45382301192953 0.04258178800000678
0264 0.2361041009426117 -0.906039297580719 4.337573528289795 -138.78740904028072 -31.77404865140204 -152.0433112771511 0.04821167299996887
0265 0.2310756891965866 -0.9011983871459961 4.323122501373291 -138.218387436382 -31.62981029646424 -152.72041511188377 0.04506739400039805
0266 0.22672872245311737 -0.8928835988044739 4.290746212005615 -138.26182578619563 -30.210750962968817 -151.76062388300875 0.0437212259998887
0267 0.22663722932338715 -0.8963961005210876 4.317507743835449 -139.29224676111872 -28.508070313339083 -151.11754027352032 0.0456873920002181
0268 0.22579358518123627 -0.9058740139007568 4.366137981414795 -138.797635781962 -27.36661381160178 -151.69973791288746 0.046265999999832275
0269 0.22328220307826996 -0.9020910859107971 4.352517604827881 -135.97591118128844 -26.08019856170123 -152.70001841503532 0.04476776199999222
0270 0.21939073503017426 -0.9005371332168579 4.353523254394531 -136.57562501884593 -24.707111560003167 -152.0148013881423 0.04368263400010619
0271 0.219034343957901 -0.9054799675941467 4.38420295715332 -139.07604102090067 -24.978639514425062 -152.30725626288768 0.04392487599989181
0272 0.2171715795993805 -0.9075958728790283 4.405600070953369 -141.50033879232026 -25.45943327713437 -153.21517121050098 0.049679729000217776
0273 0.2127053588628769 -0.8960373997688293 4.351229667663574 -134.59260591097993 -24.916318431369493 -156.21236951972867 0.0425352339998426
0274 0.2124870866537094 -0.897517740726471 4.362329483032227 -137.48904257342355 -23.730755371436047 -155.28351858510564 0.0440505899996424
0275 0.21125712990760803 -0.9015347361564636 4.391391754150391 -135.17048416447415 -24.57023037223287 -157.0570542243536 0.045269908999671316
0276 0.20848113298416138 -0.9061530232429504 4.418331146240234 -138.1197437115909 -23.414826667754983 -155.21186903536722 0.04415651599992998
0277 0.20737066864967346 -0.9045795798301697 4.419759273529053 -137.23193201845822 -25.094103923266378 -158.6846518791392 0.04471843999999692
0278 0.20599298179149628 -0.909102201461792 4.446109771728516 -136.972175218828 -25.870700042065376 -159.59092638784458 0.047348899000098754
0279 0.20352721214294434 -0.9073455333709717 4.439647674560547 -136.59978796180548 -26.614288976226717 -160.59999134357315 0.044847224000022834
0280 0.19974151253700256 -0.9010990858078003 4.421278953552246 -134.84796181204544 -23.625367317983915 -160.9482669154982 0.04409170099961557
0281 0.19815340638160706 -0.8986552357673645 4.420645236968994 -136.44740375537725 -23.826004770501196 -160.47997447760926 0.04959711099991182
0282 0.19636385142803192 -0.9021821022033691 4.444348335266113 -137.04447277239933 -24.257451730272034 -161.18151056330677 0.04389302099980341
0283 0.19255545735359192 -0.8907647132873535 4.3927693367004395 -134.7366921489914 -23.113023156716654 -162.91683688952654 0.04310085499992056
0284 0.19061414897441864 -0.8889838457107544 4.388360023498535 -135.07901584090078 -21.056930089787322 -162.618312623502 0.04334659500000271
0285 0.18902145326137543 -0.888575553894043 4.3923420906066895 -135.5237539819603 -22.3702082122395 -163.40132812038811 0.04831960799992885
0286 0.186232790350914 -0.8894630670547485 4.406589031219482 -135.6339253522613 -19.729096848062664 -163.18245435479045 0.04288982500020211
0287 0.18344533443450928 -0.8839008808135986 4.392549991607666 -137.35696494482403 -19.114747301084765 -163.23355840027716 0.04393362699966019
0288 0.18146012723445892 -0.8775948882102966 4.360878944396973 -134.14005208036718 -21.534995750616723 -166.21788109794866 0.043514236000191886
0289 0.18121156096458435 -0.8852577805519104 4.408576488494873 -137.2443929148451 -19.979276089019617 -166.00228094543544 0.04994206699984716
0290 0.1762908399105072 -0.8730491399765015 4.355073928833008 -132.5419195726922 -20.08182413305801 -167.02476944776194 0.046316183999806526
0291 0.17582190036773682 -0.8741219639778137 4.371883392333984 -135.15517240513486 -17.886687946600087 -167.45927584950542 0.0452374360002068
0292 0.1743004471063614 -0.8745327591896057 4.382889747619629 -135.17128052861798 -15.75692184218637 -166.13545092477582 0.04410304700013512
0293 0.17224855720996857 -0.869292140007019 4.364457607269287 -134.5235152522876 -17.38764438196573 -167.3739555097618 0.04651468300016859
0294 0.17058610916137695 -0.867559015750885 4.360167503356934 -133.82020816161614 -15.711354978178063 -168.2949819005494 0.045438681000177894
0295 0.16777203977108002 -0.8596646189689636 4.33052396774292 -137.44065423362696 -15.144071250319685 -168.38421836330815 0.04429020399993533
0296 0.16497378051280975 -0.8535566329956055 4.3080315589904785 -130.8189425988372 -12.639852515074123 -168.18123294757174 0.048250285999984044
0297 0.1656363308429718 -0.86685711145401 4.387894153594971 -139.1014351777202 -14.621921701357978 -168.35235204051236 0.042917024999951536
0298 0.16228948533535004 -0.8564425110816956 4.339694976806641 -130.05969594825717 -16.28069673397946 -172.62338979740798 0.04408560000001671
0299 0.16304509341716766 -0.8621520400047302 4.378104209899902 -137.33410325554908 -9.912321933724279 -168.47592057624308 0.04440833800026667
0300 0.15837697684764862 -0.8529155850410461 4.3369221687316895 -137.61944738889534 -17.019298678401874 -173.23194112816154 0.045275648000369983
0301 0.15755487978458405 -0.8459616303443909 4.3103928565979 -133.81176508336378 -13.79914854480753 -172.7654837975754 0.052830009999979666
0302 0.15709485113620758 -0.8478063344955444 4.326282978057861 -137.50989810578454 -14.276249292786439 -172.77548085181178 0.049724265999884665
0303 0.15546217560768127 -0.84464031457901 4.322404861450195 -133.61090265465685 -11.370534827891955 -173.23544322762538 0.046535951000350906
0304 0.15318353474140167 -0.8394902944564819 4.3109612464904785 -135.41490602441365 -12.659570997713447 -174.40271258126555 0.04418083199971079
0305 0.15137234330177307 -0.8337270617485046 4.278420925140381 -134.5515305487149 -10.045932863570947 -173.63756909072964 0.047457576999931916
0306 0.14993655681610107 -0.8299775719642639 4.274012565612793 -134.12866807784465 -9.99537350114579 -174.82803653674193 0.042476933999751054
0307 0.14917968213558197 -0.8322799205780029 4.293272018432617 -136.8789045905378 -8.907758928133429 -174.52241649717837 0.04475142899991624
0308 0.1493230164051056 -0.836765468120575 4.326392650604248 -134.77060198799012 -10.727005583366008 -176.75850342118403 0.04755952100003924
0309 0.14830352365970612 -0.8351601362228394 4.328321933746338 -136.86208841879068 -6.618267133546072 -173.5076323262033 0.04369377600005464
0310 0.14797860383987427 -0.8391190767288208 4.362117767333984 -133.8002186896874 -10.502660136176141 -177.10980179638125 0.04572268699985216
0311 0.14621315896511078 -0.8298873901367188 4.328215599060059 -135.71206636560711 -5.354933177575488 -174.43257223732988 0.04911736500025654
0312 0.1430843621492386 -0.822221577167511 4.290709018707275 -133.5444402903946 -8.22559014614276 -178.19287082145692 0.042987378999896464
0313 0.14306756854057312 -0.822714626789093 4.3015618324279785 -134.56024012790007 -5.7420823383175374 -176.9918500459911 0.04335133399990809
0314 0.14376716315746307 -0.8273020386695862 4.338792324066162 -136.33385914438054 -5.19777808307725 -176.85575677969854 0.04341325300038079
0315 0.1424342542886734 -0.8290698528289795 4.356914520263672 -134.7572892178211 -8.124926949177539 179.39127483171018 0.045257336999839026
0316 0.13933855295181274 -0.8082895874977112 4.2600226402282715 -133.43088985342237 1.2427991376024143 -176.0454255805845 0.044320020000213844
0317 0.14085634052753448 -0.8127605319023132 4.305499076843262 -137.06721955355698 -3.4674429373744684 -177.35112131637945 0.044041903000106686
0318 0.13894294202327728 -0.8147903084754944 4.315552234649658 -134.85248139250186 -5.251115783571025 178.8926330780852 0.043565623000176856
0319 0.13950423896312714 -0.81441730260849 4.3200483322143555 -136.2280583692707 -4.251436083533272 179.06671193674808 0.04452196400006869
0320 0.13800199329853058 -0.8125340938568115 4.318998336791992 -136.362757127916 -1.8829165673829746 179.06603114104544 0.04421453700024358
0321 0.13786368072032928 -0.8078921437263489 4.311161518096924 -134.56023221006288 -0.5372785289831071 179.47313597829185 0.04363120300013179
0322 0.13691213726997375 -0.8109683990478516 4.334391117095947 -134.59892611660388 -1.1431624162862963 177.68609656416407 0.05238925899993774
0323 0.13635708391666412 -0.8086338043212891 4.328850746154785 -135.01571916416276 -2.543279691166404 176.50983696513276 0.042191979000108404
0324 0.13406533002853394 -0.7900608777999878 4.232702732086182 -133.33325393344242 -0.9823765870937489 174.85344049485056 0.04410953199976575
0325 0.13235285878181458 -0.7793753743171692 4.196061611175537 -136.21797797573814 5.598759524362358 178.67088108216015 0.04462297200007015
0326 0.13360661268234253 -0.7915371656417847 4.271270275115967 -134.99770340571797 0.4925984463165103 174.3651327802688 0.04910445299992716
0327 0.1320681869983673 -0.7885939478874207 4.264814853668213 -133.93970168696995 2.6389542482714634 173.87830600862722 0.04373077199988984
0328 0.13141024112701416 -0.779272198677063 4.226524353027344 -137.80501466027323 2.9972286749901196 174.35555511626868 0.04396179500008657
0329 0.13256078958511353 -0.7804402112960815 4.236758232116699 -134.1359115876601 0.14939775796458568 171.69721677857692 0.04533572699983779
0330 0.13126544654369354 -0.7723318934440613 4.209990501403809 -135.50564735213925 8.220087991598849 175.8798697021619 0.04319852600019658
0331 0.13335521519184113 -0.7817351222038269 4.282221794128418 -137.29619036409198 7.383551984844881 175.1321071455613 0.04492042699985177
0332 0.13247480988502502 -0.7763084769248962 4.263000965118408 -135.16450845531506 5.75174153825378 173.43893663214234 0.048502746000394836
0333 0.13255855441093445 -0.7721229791641235 4.238773822784424 -135.7717636753197 5.746187461498564 172.69226320796488 0.046051544999954785
0334 0.13230767846107483 -0.7734418511390686 4.257152557373047 -135.88455787494465 6.854240262295739 172.01867425592468 0.04436461599971153
0335 0.13109172880649567 -0.76666259765625 4.237309455871582 -136.0365179511791 7.5649360071512595 171.25791950402453 0.045340039000166144
0336 0.13093648850917816 -0.7610824704170227 4.216999053955078 -134.66272609512038 7.731339456691956 171.45965759755506 0.043291147999752866
0337 0.13112884759902954 -0.7564512491226196 4.2069525718688965 -136.52915623652228 10.548243449014464 172.21144558449822 0.04412380099984148
0338 0.13086453080177307 -0.7577663064002991 4.220571041107178 -136.9493335961185 9.377061432397594 171.04908595234917 0.0447547570001916
0339 0.13143159449100494 -0.7535523772239685 4.205673694610596 -135.27857338421174 8.756752719187205 169.41119251772278 0.04480193399967902
0340 0.13279716670513153 -0.7538385987281799 4.224581241607666 -136.86156074979658 11.139501904161214 170.1097513690785 0.05251940900006957
0341 0.13254258036613464 -0.7555614113807678 4.243870258331299 -135.82744662903096 12.86362832849657 171.23050099280005 0.04858336100005545
0342 0.13341602683067322 -0.753495454788208 4.242431640625 -135.9882615342571 14.10880435846892 170.91668202464234 0.0470583850001276
0343 0.1341102123260498 -0.7580618262290955 4.278336524963379 -138.7066981060633 11.932209566197205 168.78876168688552 0.0445638610003698
0344 0.13533172011375427 -0.7590131759643555 4.289778709411621 -136.15148579660925 10.65237082966624 166.45916932183033 0.04912845900025786
0345 0.13580387830734253 -0.7590320706367493 4.301518440246582 -138.67505245429737 13.327238013615027 166.8644534102582 0.043568103999859886
0346 0.13435126841068268 -0.7539685964584351 4.277282238006592 -138.36446326772742 13.15439486616506 164.9853122223896 0.044451492999996844
0347 0.13615521788597107 -0.7521706223487854 4.280444145202637 -137.98291824415207 13.333207985964588 165.21354918438254 0.043839690999902814
0348 0.13727106153964996 -0.7455048561096191 4.243666648864746 -137.82222598326894 12.100213103505466 163.4698054465064 0.04579894800008333
0349 0.13663636147975922 -0.7411442399024963 4.230895042419434 -137.862411541352 13.129688548762568 163.35337790467372 0.04557378299978154
0350 0.13579386472702026 -0.732430636882782 4.197359561920166 -137.4551111693952 14.054302886148447 162.5940724902235 0.047582376999798726
0351 0.1367211639881134 -0.7322437167167664 4.19930362701416 -137.05590099061112 12.731264693132095 161.05433931953831 0.04686193099996672
0352 0.1380789875984192 -0.7363492250442505 4.235344886779785 -139.25545843347635 15.48880354784001 161.95501008953443 0.04668546399989282
0353 0.13810153305530548 -0.7356062531471252 4.237345218658447 -138.21720001320696 14.018478810412613 160.41237730208007 0.04435033499976271
0354 0.13962601125240326 -0.7370328307151794 4.257025718688965 -137.29272679559642 15.7514343683013 160.3202948506491 0.042315052000049036
0355 0.14167699217796326 -0.7389376759529114 4.284210681915283 -143.27178038414337 15.326267244884589 157.931838441107 0.04801868200001991
0356 0.14103733003139496 -0.7307220697402954 4.2466511726379395 -137.98027025915965 17.54673559095786 158.65472054447199 0.04472102099998665
0357 0.14131006598472595 -0.7215413451194763 4.20550012588501 -138.88893079490265 19.76925574512434 160.78338428611943 0.042987354999695526
0358 0.1420317143201828 -0.7171245217323303 4.191847324371338 -139.5641597088911 20.71794803997529 160.25902605618379 0.04317882199984524
0359 0.14285200834274292 -0.718413770198822 4.215238094329834 -140.07671187345906 20.50871995095786 158.20941941368733 0.043507284000043
0360 0.14330342411994934 -0.7151843905448914 4.206900596618652 -138.729324040033 20.13101148631929 157.47840695467247 0.05058459400015636
0361 0.1459292322397232 -0.7202538251876831 4.245281219482422 -142.59944831661906 19.35961063021855 156.30494524206176 0.05018390599980194
0362 0.14747998118400574 -0.7150844931602478 4.224119663238525 -140.22829154491941 19.953975693757982 155.6530988517046 0.046717848000298545
0363 0.14772029221057892 -0.7118352651596069 4.222718238830566 -140.99934147708137 23.578579606329722 156.13217282107846 0.04194032999976116
0364 0.14886842668056488 -0.706662654876709 4.205080986022949 -138.44679827392173 23.312756832077987 156.2974722690183 0.045117503000255965
0365 0.14863702654838562 -0.7003753185272217 4.174143314361572 -139.63145915623414 22.969682705931767 156.09665349961887 0.04387384299980113
0366 0.1483299881219864 -0.694818913936615 4.147941589355469 -141.3521429799213 21.940408838687993 154.0695969428036 0.04302868100012347
0367 0.153080016374588 -0.7075507044792175 4.2346978187561035 -147.01233981610304 18.746128104880082 147.951912080132 0.044578017000276304
0368 0.15385405719280243 -0.7080594897270203 4.252610206604004 -142.8973370769841 19.427283863954514 147.70722311551265 0.049301980000109324
0369 0.1557054966688156 -0.707744836807251 4.257792949676514 -145.63806554849648 17.61131932180233 146.7693613639604 0.043047358999956487
0370 0.1560513973236084 -0.7002450823783875 4.219787120819092 -140.77262733570828 21.196359930637538 148.75334255721887 0.04358535199980906
0371 0.1595822274684906 -0.7063068747520447 4.267247200012207 -144.27489380723202 19.481509436133155 147.22281721393665 0.04295947399987199
0372 0.16072656214237213 -0.701712429523468 4.24476957321167 -141.76109288007473 20.350593969517504 145.23792551638908 0.05098970200015174
0373 0.16140618920326233 -0.6947400569915771 4.212791442871094 -145.1717571240234 24.23459322466628 148.28794240876795 0.04500685399989379
0374 0.16157948970794678 -0.6831650733947754 4.164613723754883 -142.87826084052844 24.74512342856367 148.19868643863376 0.04854508500011434
0375 0.16425934433937073 -0.6815227270126343 4.162394046783447 -143.78084835934135 23.876743831004063 145.8336424655223 0.04462281999985862
0376 0.16616129875183105 -0.6872556805610657 4.201965808868408 -144.8558105356102 25.737702371460422 144.34044236519583 0.04521413800011942
0377 0.16702689230442047 -0.6845566630363464 4.203475475311279 -143.15596703216934 29.774703665744088 148.16783091837146 0.042512067000188836
0378 0.16585665941238403 -0.6648736000061035 4.091506481170654 -141.5854063304385 28.454468519148325 147.30220764751397 0.04303724900000816
0379 0.16783513128757477 -0.6624446511268616 4.086648941040039 -143.57719532459836 25.80139786587786 144.2926966065724 0.05539628999986235
0380 0.17315618693828583 -0.6779472827911377 4.195122718811035 -146.57695978091837 29.157300772278298 142.7632422525537 0.04809157499994399
0381 0.17405834794044495 -0.6674083471298218 4.1465983390808105 -141.95905489715742 32.79379599852051 147.44409440036645 0.045690696999827196
0382 0.1734902560710907 -0.6552305817604065 4.073649883270264 -140.7938783989619 27.74450355848066 145.77115795044665 0.04419858099981866
0383 0.17716844379901886 -0.6629759073257446 4.128950595855713 -143.24459928883914 28.173237008908718 144.2841462251603 0.045014178000201355
0384 0.17972545325756073 -0.6567811369895935 4.117760181427002 -145.08465241358977 30.950480484622272 141.61652246084 0.044971357000122225
0385 0.18097902834415436 -0.6555437445640564 4.113313674926758 -147.16637724511781 29.74400034026096 140.4599335085442 0.05333371200003967
0386 0.18125329911708832 -0.6473188996315002 4.07136344909668 -143.23798578185614 31.1133875949609 141.59446893810536 0.04636275599978035
0387 0.18212611973285675 -0.6395537853240967 4.028173923492432 -143.1707108918284 30.873361737088157 143.73548084725408 0.04550256199991054
0388 0.18497498333454132 -0.6362741589546204 4.016684055328369 -140.573421223351 27.796837681434024 141.93402426577023 0.0511038960003134
0389 0.18660283088684082 -0.6404936909675598 4.041793346405029 -144.70114578198678 24.808936747182674 137.07248029841378 0.046611326999936864
0390 0.18968048691749573 -0.6362779140472412 4.024476051330566 -146.0193103233305 27.61493746010962 136.8591296322312 0.04635368299977927
0391 0.19072766602039337 -0.6264592409133911 3.972203016281128 -147.1231024820366 28.35286532231955 136.33219369713544 0.045863451000059285
0392 0.19032640755176544 -0.6236887574195862 3.959522008895874 -150.36453513622104 29.164931844518144 134.1242266180742 0.04887251100035428
0393 0.19228050112724304 -0.6172910928726196 3.9451777935028076 -145.1180403424499 32.39429315157632 137.68468467785553 0.04939590899994073
0394 0.19561368227005005 -0.6204333305358887 3.971221685409546 -146.1044093926523 32.37759109707987 137.04952018012958 0.045436472999881516
0395 0.20012904703617096 -0.6231932044029236 3.9980297088623047 -145.84844802322087 32.13619152777967 136.12001442000874 0.04437405199996647
0396 0.20148789882659912 -0.6208112835884094 3.967642068862915 -151.93104564791258 29.384499248390227 132.6971938684502 0.04892139200001111
0397 0.20619666576385498 -0.6241855621337891 4.006563186645508 -150.5134591527198 30.368123994156377 131.8459920857995 0.04593478800006778
0398 0.20888425409793854 -0.6211877465248108 4.011112689971924 -148.7967403185304 34.119719723639655 133.338098945929 0.04590834200007521
0399 0.21133430302143097 -0.619723916053772 4.010752201080322 -148.75213740509756 36.05008436465898 134.09025719805925 0.046160622000115836
0400 0.21336814761161804 -0.6208816766738892 4.006643772125244 -149.5752414792133 31.328674558993157 130.67170083064187 0.04428391100009321
0401 0.21609579026699066 -0.6201462149620056 4.02608060836792 -148.47361129409373 36.336069286739935 132.7030707626729 0.04526694600008341
0402 0.21848811209201813 -0.6181426644325256 4.025792598724365 -148.81470154859946 35.723757131629625 129.98388630094948 0.048106741000083275
0403 0.22183409333229065 -0.6195603013038635 4.038623332977295 -151.7161454307723 34.243672695436835 128.95911036333746 0.04414736399985486
0404 0.22392737865447998 -0.6214048266410828 4.050233840942383 -155.31207723396278 34.44067513639373 125.36138294302846 0.044203147999724024
0405 0.22663623094558716 -0.6131200790405273 4.010501384735107 -152.83729140333043 35.54681211427837 125.67433922696826 0.0447573569999804
0406 0.22926898300647736 -0.6111762523651123 4.018275737762451 -151.94751809293803 38.102688305497395 127.32112442315945 0.04356265199976406
0407 0.23102325201034546 -0.6110429763793945 4.023923873901367 -151.90210745971694 35.92832300302811 127.77631376221025 0.04570707900029447
0408 0.2328016757965088 -0.6055704355239868 3.987870931625366 -150.74268195228322 33.695493336032634 126.65258736560897 0.047447973000089405
0409 0.23645693063735962 -0.6060953140258789 4.005941867828369 -151.69148150905792 35.581749402255824 124.92994530542747 0.04743867000024693
0410 0.24119997024536133 -0.6084718108177185 4.031054973602295 -152.3636389210912 39.912923948947494 125.98978055362495 0.04590263899990532
0411 0.2434822916984558 -0.6065657138824463 4.026557445526123 -153.82580195362308 40.242792426381925 124.40434286945334 0.04440366400012863
0412 0.2454272210597992 -0.6062440276145935 4.024209022521973 -155.20144880515284 37.15881487679844 122.30441345029881 0.045119937999970716
0413 0.24875420331954956 -0.5977336168289185 3.9841344356536865 -154.3311324967931 40.219840012447634 121.40424538079827 0.04655321099971843
0414 0.2518004775047302 -0.5983895659446716 3.984893798828125 -154.7510116579784 37.35106752899263 121.00505588618637 0.04420215600021038
0415 0.2584259510040283 -0.609666109085083 4.07069730758667 -156.31608816702715 36.66427881026669 119.50807581260874 0.04273705700006758
0416 0.25897035002708435 -0.6056129336357117 4.049581050872803 -155.08670942985833 37.86366193916398 117.99565711025659 0.04541637400006948
0417 0.2620101869106293 -0.6033545136451721 4.033468723297119 -154.95828257808736 39.2489557662037 118.04457342084346 0.04334601399978055
0418 0.26119565963745117 -0.5930850505828857 3.9639668464660645 -157.04641081183803 34.81800305143409 116.26401825501978 0.04615981099959754
0419 0.26392558217048645 -0.591069757938385 3.9684994220733643 -156.36134512319393 36.705494468277344 115.47943305143984 0.04692819199999576
0420 0.26720041036605835 -0.5835462212562561 3.9183831214904785 -155.67190701265696 34.43260530427889 116.83653536492167 0.045025828999769146
0421 0.2711491882801056 -0.5895752906799316 3.95906925201416 -155.5585411213041 35.79290841925694 114.8818538896203 0.04231759200001761
0422 0.2771776616573334 -0.5951036214828491 4.022959232330322 -158.08941508071587 41.5428589422424 113.52555127451551 0.0443368780001947
0423 0.2757790684700012 -0.5849728584289551 3.948296070098877 -160.14717125115007 40.55342254381927 111.85768326513914 0.04366496799957531
0424 0.27577343583106995 -0.5806261897087097 3.918198347091675 -161.41791386039384 38.90034551636882 110.57220062244457 0.04592098299963254
0425 0.2786129415035248 -0.5766328573226929 3.9079089164733887 -160.19125406221596 42.06827706734929 112.32818014610046 0.04536764900012713
0426 0.28245607018470764 -0.578044056892395 3.912299156188965 -158.2985947993054 36.530078925238065 112.79288031903131 0.04226964200006478
0427 0.2879810631275177 -0.5801657438278198 3.9418365955352783 -158.55036255847327 37.500393716612415 110.66866004613856 0.045803573000284814
0428 0.2935330271720886 -0.5858460068702698 3.9906535148620605 -159.87430311556167 39.36141571339636 110.4196266765327 0.04386704400030794
0429 0.30377617478370667 -0.6021203398704529 4.107413291931152 -164.50333048859892 41.13277772503462 106.24774076101967 0.045655651000288344
0430 0.30545705556869507 -0.5980119705200195 4.071110725402832 -171.57473202969666 35.74148242317338 99.90068987542878 0.046152085000358056
0431 0.3072093427181244 -0.5964348316192627 4.071030139923096 -171.5731302859653 40.40658500052694 99.39341447115595 0.04313756999999896
0432 0.3076062500476837 -0.5905611515045166 4.021288871765137 -170.72798246711687 31.24896477188938 101.09646331228636 0.049470503000065946
0433 0.3107462227344513 -0.5867848992347717 4.01863431930542 -170.55622026198347 42.08069646534335 99.34262836278842 0.0459310760002154
0434 0.3147343695163727 -0.58710777759552 4.023540019989014 -170.15376708505974 35.996253634782164 100.21081859498948 0.04544031099976564
0435 0.3179229199886322 -0.5887142419815063 4.0457305908203125 -172.45068488988449 40.714235675498635 96.82279792776852 0.04832943700012038
0436 0.321662575006485 -0.5854871273040771 4.025518417358398 -170.80262284031892 41.805067855536734 99.03009615154514 0.04364596499999607
0437 0.32429182529449463 -0.5844605565071106 4.02204704284668 -173.95634028480376 39.15941248695161 95.80485906553527 0.04442018600002484
0438 0.32832446694374084 -0.5843008756637573 4.016999244689941 -170.6031945507068 37.8230208534686 97.47971038320672 0.046857178999744065
0439 0.3323799967765808 -0.5835756063461304 4.022363662719727 -173.11991050129464 40.1557675610472 96.26717589132718 0.04387414699976944
0440 0.33372962474823 -0.5799384713172913 3.99757981300354 -170.16736455672964 38.11166497305574 97.49135713631705 0.045121671999822865
0441 0.3399026393890381 -0.5827334523200989 4.026845455169678 -175.7133700694687 42.73991684608472 92.84759084335664 0.04449917300007655
0442 0.34245172142982483 -0.584004819393158 4.029082298278809 -174.2098753187683 37.15865251332767 94.1312902803643 0.04711040099982711
0443 0.3455333113670349 -0.5800198316574097 4.023864269256592 -176.52977853821423 45.848625759324726 90.52588507295701 0.04638076399987767
0444 0.34596291184425354 -0.5781746506690979 3.993988037109375 -178.62349061286528 38.19264829409635 89.9022639844405 0.04674982500000624
0445 0.35235315561294556 -0.5805745124816895 4.019867897033691 -177.11652659387136 38.10072727834882 90.93788676335832 0.046756777000155125
0446 0.35618969798088074 -0.5809794664382935 4.029495716094971 -177.37395035488362 40.61063983761924 89.99497785155629 0.045186273000126675
0447 0.3611866235733032 -0.5816141963005066 4.031033515930176 -176.57892876964314 39.88001170793695 90.87280690364557 0.0463425279999683
0448 0.36468249559402466 -0.582377016544342 4.034080982208252 -176.37102923882765 37.89637225874896 89.33653519738634 0.04462348600009136
0449 0.36554867029190063 -0.5809970498085022 4.0229034423828125 -179.28534410842965 35.60917294218118 87.42645465166143 0.04374735999999757
0450 0.3730355501174927 -0.5856330394744873 4.0640482902526855 -179.10892700875928 38.44830640585739 86.39133674998838 0.04370242300001337
