timestamp x_robot y_robot z_robot roll_robot pitch_robot yaw_robot runtime
0000 -0.14891783893108368 -0.6964569091796875 3.063072681427002 -150.2521719656002 -35.69744652894828 -131.56799870305696 2.2548532559958403
0001 -0.15900877118110657 -0.6991047859191895 3.087489604949951 -150.87273357446765 -34.45959020035503 -132.98510489897143 0.03576527599943802
0002 -0.16361336410045624 -0.7027639746665955 3.107520818710327 -151.2516424659281 -33.92374216326183 -132.60875247126813 0.03179311600251822
0003 -0.16656994819641113 -0.6987147927284241 3.093388080596924 -149.93248633348531 -33.348651178821825 -133.70954149147525 0.030379511998035014
0004 -0.1683310717344284 -0.696369469165802 3.0845019817352295 -149.2609236030205 -34.05037211864293 -135.11213441176486 0.03419039800064638
0005 -0.1712089478969574 -0.6950639486312866 3.081646680831909 -148.24746258888138 -33.80741053218292 -136.27293601004965 0.040376835997449234
0006 -0.17501898109912872 -0.6962295770645142 3.0907139778137207 -148.63938714239004 -32.6049975773444 -136.77582842903513 0.034664172999328
0007 -0.17823068797588348 -0.6950618624687195 3.0895559787750244 -147.5671978519454 -32.449654478738196 -137.98966579088912 0.0325140979985008
0008 -0.18069450557231903 -0.6928750872612 3.084581136703491 -147.6851198008376 -31.974641522627895 -138.10047838583424 0.03601229699415853
0009 -0.1834752857685089 -0.6908278465270996 3.0796406269073486 -147.64363202479564 -32.30741784007666 -139.02172220019293 0.03350936300557805
0010 -0.18760664761066437 -0.6904431581497192 3.082658052444458 -147.24796704222405 -31.702799436913132 -139.79550774362306 0.03568447999714408
0011 -0.19028328359127045 -0.6914548873901367 3.0914695262908936 -147.30697468200296 -31.23283543165736 -140.04445846580253 0.030393554996408056
0012 -0.19346284866333008 -0.6902822852134705 3.089700937271118 -146.8807869692347 -30.671173156967086 -141.1634945390078 0.03096843700041063
0013 -0.19657950103282928 -0.6874709725379944 3.082017660140991 -146.54533254955817 -29.801638885010846 -141.5747533812166 0.03186302600079216
0014 -0.19854290783405304 -0.6838994026184082 3.0710299015045166 -145.99346046087337 -29.94684304039896 -142.43975401858108 0.03406233999703545
0015 -0.2004963755607605 -0.681428849697113 3.0635159015655518 -144.89543520851709 -29.984252474867176 -143.52439113600357 0.034231580000778195
0016 -0.20377400517463684 -0.6815083622932434 3.0688536167144775 -144.81391156235568 -30.29628746379214 -144.97168438565689 0.034659926997846924
0017 -0.20956365764141083 -0.6874707937240601 3.10245680809021 -144.7446487854644 -29.146340463377033 -145.59197698522914 0.03376067700446583
0018 -0.211526557803154 -0.6848695874214172 3.0967628955841064 -145.1759012514838 -28.75445178067402 -145.57562322267032 0.03475295200041728
0019 -0.21373261511325836 -0.6812909245491028 3.0863754749298096 -144.48171106967177 -28.264097904141146 -146.2053441827829 0.03580170699569862
0020 -0.21661125123500824 -0.6786815524101257 3.0789005756378174 -144.4810419149606 -28.405984711958634 -147.18462650525936 0.040028502997301985
0021 -0.2182929664850235 -0.6743558049201965 3.0634522438049316 -143.4138530050793 -28.34811312131457 -148.54020119026154 0.034562776003440376
0022 -0.22151397168636322 -0.6750376224517822 3.0716185569763184 -143.7859722557522 -27.236232037436892 -148.72236712852336 0.031971757001883816
0023 -0.22363480925559998 -0.6705074906349182 3.057861089706421 -142.94089097199597 -26.380713292374622 -149.262074183648 0.03183033200184582
0024 -0.22812044620513916 -0.6716429591178894 3.071978807449341 -143.77789448712042 -25.39879344622637 -149.1125647392501 0.03603412600205047
0025 -0.22959382832050323 -0.668367862701416 3.0628416538238525 -142.45006269284923 -25.342233733347356 -150.0342992881811 0.03953252000064822
0026 -0.23170346021652222 -0.6658756732940674 3.0573649406433105 -142.34571887975733 -25.605098024979892 -151.24958594488146 0.0325176990008913
0027 -0.23470380902290344 -0.6651809215545654 3.0589182376861572 -142.16988868015372 -26.202908233626925 -152.6189247936711 0.03603580399794737
0028 -0.23662981390953064 -0.6626559495925903 3.050705909729004 -140.88024849315184 -25.92660867528672 -154.05953909477287 0.033990074996836483
0029 -0.2399488091468811 -0.661820113658905 3.0543034076690674 -141.1706505703937 -24.835075658308284 -154.25171194118775 0.029234219997306354
0030 -0.24186305701732635 -0.6592586040496826 3.0488204956054688 -141.0544766211659 -24.797262126366373 -154.7370653340499 0.034262293003848754
0031 -0.24452856183052063 -0.6572210788726807 3.045596122741699 -141.09134093416176 -24.765309307876702 -155.72531853676188 0.028517863000161014
0032 -0.24656133353710175 -0.6549345850944519 3.0408852100372314 -140.8008331304162 -24.109366194209837 -155.9532307192611 0.03247426300367806
0033 -0.24842604994773865 -0.6519192457199097 3.0351459980010986 -140.62577951631496 -22.813195314265077 -156.1259629148937 0.03172649099724367
0034 -0.24998430907726288 -0.6478915214538574 3.024103879928589 -139.71457120068237 -22.320230054430304 -157.2600036352376 0.03209965699352324
0035 -0.25374066829681396 -0.6494152545928955 3.0363714694976807 -141.0025587739375 -19.69489555974365 -157.04399001322489 0.03537043800315587
0036 -0.2608601748943329 -0.6472842693328857 3.0461502075195312 -139.80020039792635 -18.302438501731793 -158.11367000986493 0.0341432029963471
0037 -0.26220425963401794 -0.6430980563163757 3.03519868850708 -139.27790285175746 -17.75911647273184 -158.61674320150388 0.03512604699790245
0038 -0.26446184515953064 -0.6419880390167236 3.037963628768921 -139.96746237283693 -17.542303821277418 -159.28625131191708 0.03458849799790187
0039 -0.26649370789527893 -0.6390942335128784 3.034048080444336 -139.733258595251 -18.58468278199726 -160.44685601988218 0.03580564299772959
0040 -0.268492728471756 -0.6379660367965698 3.0368216037750244 -139.61326633415197 -17.344189530790864 -160.93095196895985 0.03571988800104009
0041 -0.27024462819099426 -0.6357685327529907 3.0351622104644775 -138.6924585207757 -16.351827942605883 -161.53618394821433 0.03387330700206803
0042 -0.2736014127731323 -0.6358432769775391 3.043081045150757 -140.0018900530871 -15.88574273824115 -161.9859087283405 0.03365059600037057
0043 -0.2753135859966278 -0.6330772638320923 3.0365519523620605 -138.58835033267906 -15.37962574959515 -162.48215620326755 0.03427372099395143
0044 -0.27762338519096375 -0.6326959729194641 3.0412607192993164 -139.2540414670002 -15.607286554172198 -163.41980241770602 0.033294587999989744
0045 -0.2809601128101349 -0.6334317326545715 3.0547595024108887 -139.14010731049342 -15.111131804570782 -164.02823304797863 0.032962573000986595
0046 -0.28335028886795044 -0.6315639019012451 3.0540997982025146 -139.44930505460565 -14.262168056538211 -164.5221593997036 0.03627391199552221
0047 -0.2841564416885376 -0.6273056864738464 3.0427517890930176 -137.96451133831886 -14.366092376326018 -165.40264514890254 0.034439208000549115
0048 -0.28402575850486755 -0.6225941777229309 3.027545690536499 -137.95946617399545 -14.172098373151336 -166.57466883715884 0.03189265999390045
0049 -0.28690293431282043 -0.6224722862243652 3.0351662635803223 -138.40961021027363 -13.505073443832218 -167.32583688892456 0.030970910003816243
0050 -0.2875906825065613 -0.6175155639648438 3.0202255249023438 -138.3057560905351 -13.335888695534825 -167.9199994170756 0.03835510500357486
0051 -0.28814542293548584 -0.6142570376396179 3.0108065605163574 -138.224313960847 -12.69651851294152 -168.3217515805596 0.03504101100406842
0052 -0.2889759838581085 -0.6109560132026672 3.0033681392669678 -137.33833219131958 -12.292877343115958 -169.08760035281736 0.03214866899361368
0053 -0.292557954788208 -0.6119621992111206 3.018338441848755 -138.4756894469565 -11.206591212527533 -169.4230095919592 0.02933708699856652
0054 -0.29429301619529724 -0.6102722883224487 3.020045757293701 -137.7489832435035 -11.491503721301317 -170.307187772236 0.03908740999759175
0055 -0.2952631115913391 -0.6079183220863342 3.017086982727051 -137.6699285432482 -10.388750132733305 -170.41833385450641 0.037961892994644586
0056 -0.2958739101886749 -0.6044222116470337 3.0097146034240723 -137.93870158593663 -9.332885238356138 -170.57750026331595 0.034134795001591556
0057 -0.2984172999858856 -0.6032191514968872 3.0136547088623047 -138.01495151382213 -8.334107466012593 -170.83054602339277 0.03370284200354945
0058 -0.29956570267677307 -0.6017127633094788 3.014157772064209 -138.00104554052655 -8.406404402236861 -171.7421061678043 0.03333234100136906
0059 -0.3002980649471283 -0.5980929136276245 3.0048623085021973 -138.01584555184084 -7.202220890141362 -171.7769405787435 0.03457650899508735
0060 -0.30107101798057556 -0.594799816608429 2.998229742050171 -137.69742893226734 -6.638643458195998 -172.45099794070916 0.02871199399669422
0061 -0.3028256893157959 -0.5935195684432983 3.000670909881592 -137.75219461237222 -6.510503701262952 -173.33607845183812 0.033859413997561205
0062 -0.3028101325035095 -0.590147852897644 2.991579055786133 -137.4730978929082 -6.605123019563257 -174.297913837751 0.030004884996742476
0063 -0.30412909388542175 -0.5875087976455688 2.988499641418457 -137.44429579794084 -5.631861252454295 -174.60636077272213 0.029797039002005477
0064 -0.30657169222831726 -0.5868052244186401 2.9981086254119873 -137.85431168109855 -5.127352376463679 -175.39789797014873 0.03367708800215041
0065 -0.3069079518318176 -0.5842478275299072 2.9926998615264893 -137.60061087324337 -4.6526851200694095 -175.84978848485153 0.03631208499427885
0066 -0.30785369873046875 -0.5823124051094055 2.99265193939209 -137.28855055591924 -3.605385388962877 -176.18003028375276 0.03658924099727301
0067 -0.3082927167415619 -0.5780491232872009 2.9816372394561768 -137.26233535392416 -2.8665092979637246 -176.23618572517248 0.03121967799961567
0068 -0.3104146122932434 -0.5784273743629456 2.994389295578003 -137.51532484789672 -2.6735534460832704 -177.3241788492999 0.03739959000085946
0069 -0.3115450143814087 -0.5765237808227539 2.993698835372925 -137.70876360100732 -1.6491127164820392 -177.39890462485153 0.03378454499761574
0070 -0.3122071921825409 -0.5740537643432617 2.9910266399383545 -137.66815388175573 -1.550052105527582 -178.10010725177906 0.03733600299892714
0071 -0.3130296468734741 -0.5707298517227173 2.9866724014282227 -137.49492456533383 -1.3543987346618296 -178.847171171037 0.03315862699673744
0072 -0.3126979172229767 -0.5668813586235046 2.97588849067688 -137.67722752285863 -1.296139763733261 -179.61803069570425 0.032185008996748365
0073 -0.3133580684661865 -0.5645291805267334 2.974529981613159 -138.0632437121925 -0.26591643112293145 -179.96622003111406 0.03442973100027302
0074 -0.31368234753608704 -0.5607069730758667 2.966550350189209 -137.5142999886341 0.7999831070356124 179.82944421888854 0.03690661300061038
0075 -0.3146393895149231 -0.5583980083465576 2.966325521469116 -137.78158252247331 0.957033482124234 179.068444063949 0.029796287999488413
0076 -0.3156765401363373 -0.5572133660316467 2.9677979946136475 -136.56657902148885 0.6755397100449394 178.08479838977493 0.03784449199883966
0077 -0.31672099232673645 -0.5558748841285706 2.9719531536102295 -138.27638161648667 1.79483787666629 177.81052774544733 0.03286050199676538
0078 -0.31624048948287964 -0.5513385534286499 2.959385871887207 -137.0836462784913 1.7090175512869423 177.22238124927938 0.02801424600329483
0079 -0.31664934754371643 -0.549911379814148 2.9609169960021973 -137.81050678504403 1.7149364806746097 176.40863297975574 0.03436799500195775
0080 -0.3165608048439026 -0.5469223856925964 2.955183506011963 -137.94998970351367 2.094609441252938 175.75762666146224 0.03707245200348552
0081 -0.31666332483291626 -0.5438607931137085 2.9512977600097656 -137.70322917160402 2.597918277937427 175.04629775340462 0.03258665499743074
0082 -0.3163629472255707 -0.540457546710968 2.9452731609344482 -137.81797881584725 3.6494850898067517 174.89415116015715 0.034491477999836206
0083 -0.31590014696121216 -0.5370683073997498 2.936386823654175 -137.69338617837383 4.456305263921623 174.40748078017575 0.03543919300136622
0084 -0.31705161929130554 -0.5357038378715515 2.9405932426452637 -137.58733498681943 3.9354712631824302 173.3292347278652 0.03290914600074757
0085 -0.31782039999961853 -0.5335339903831482 2.9413564205169678 -138.21521275256137 4.752086414900337 172.91188194408258 0.03350200500426581
0086 -0.3167557120323181 -0.5300375819206238 2.9316132068634033 -137.77154615387445 4.748273248819474 171.79397673693927 0.03276542099774815
0087 -0.31702515482902527 -0.5281682014465332 2.932917833328247 -138.4956367179052 5.243965017357691 171.1948896537128 0.030991745996288955
0088 -0.3167927861213684 -0.5251540541648865 2.9293501377105713 -138.55900172791067 5.1756392460816265 170.37454716199258 0.037652427003195044
0089 -0.3156143128871918 -0.5211296677589417 2.9188146591186523 -138.92816432704282 5.98317362954365 170.01141671996498 0.03325753100216389
0090 -0.3148425817489624 -0.5180344581604004 2.9128432273864746 -138.44435327539858 6.9232599007218845 169.8911736729688 0.03720625700225355
0091 -0.31641480326652527 -0.5181551575660706 2.924433946609497 -138.84062451524284 7.06819607841334 169.19966208770444 0.03267320000304608
0092 -0.31708234548568726 -0.5155113339424133 2.922632932662964 -139.23644492885154 7.671948505213231 168.78295571150204 0.03492611300316639
0093 -0.31636762619018555 -0.5127248764038086 2.9156875610351562 -138.56803732908037 7.772748352341785 167.98928887104498 0.03543085300043458
0094 -0.31486380100250244 -0.5086408853530884 2.9040143489837646 -138.82565028297904 9.429340246924987 167.8672888117834 0.03399271299713291
0095 -0.3156099319458008 -0.5073261857032776 2.9109809398651123 -139.03051054739436 9.229943577157748 166.78739081196744 0.03800623999995878
0096 -0.3137587010860443 -0.502402126789093 2.895162343978882 -139.29932575672274 9.571082877230452 166.29204217153077 0.03191093500208808
0097 -0.31556716561317444 -0.5042075514793396 2.917416572570801 -139.873275943652 10.280926354195572 165.94264845829844 0.03411270499782404
0098 -0.3155061602592468 -0.5015494227409363 2.915245771408081 -139.5018996110304 12.041427877326834 165.9540601818545 0.033840215000964236
0099 -0.31522616744041443 -0.4980313181877136 2.9110255241394043 -139.40934747250316 12.916380960938499 165.8380428049711 0.02969939100148622
0100 -0.31491801142692566 -0.4966347813606262 2.911612033843994 -139.84508604162124 13.322601937526942 164.94680098884993 0.03810900899406988
0101 -0.3115387260913849 -0.4903334975242615 2.88586688041687 -139.26230359394344 14.176986596150984 164.6932114013515 0.03424709500541212
0102 -0.3127386271953583 -0.4895656406879425 2.8953299522399902 -140.1903266928546 14.666178728628553 164.03694869962408 0.032771988000604324
0103 -0.31044742465019226 -0.4849625527858734 2.8823957443237305 -139.5617250763073 13.962367015389274 162.8116195645208 0.032183250004891306
0104 -0.3093724250793457 -0.4834963381290436 2.8814218044281006 -140.35023983737838 13.211346217740761 161.46698672715718 0.0339076600066619
0105 -0.3092547655105591 -0.48277732729911804 2.890259265899658 -141.51514783821906 13.789109256485414 160.74126127693427 0.0339359669960686
0106 -0.30882981419563293 -0.480243057012558 2.888439416885376 -141.1210434595034 14.296327159928929 160.6157936180007 0.030156152999552432
0107 -0.3081970512866974 -0.4778069257736206 2.884901523590088 -141.23152004282647 15.666668393361252 160.27741632561253 0.03181420899636578
0108 -0.3081780672073364 -0.4768788516521454 2.891680955886841 -141.78497929103096 16.287749365819742 159.72184256664724 0.030099182004050817
0109 -0.3071705400943756 -0.474216103553772 2.886364459991455 -141.44112382360746 15.348181263126218 158.63219019508415 0.029769514003419317
0110 -0.30774974822998047 -0.47306492924690247 2.894869804382324 -142.28683747684005 16.83203200044715 158.05669186316305 0.03454285099724075
0111 -0.30796030163764954 -0.47186756134033203 2.9011332988739014 -142.84040238451607 17.310704553505992 157.8830644208671 0.030232672004785854
0112 -0.3061874508857727 -0.46893244981765747 2.8944709300994873 -142.36154321746764 17.754719305689846 156.89177673042576 0.030696778994752094
0113 -0.30369800329208374 -0.46454742550849915 2.8815691471099854 -142.64394547412874 18.239595431591717 156.29732200800922 0.031551618994853925
0114 -0.3028702735900879 -0.4627666175365448 2.8825769424438477 -143.32586014700874 18.711386961026758 155.67060645274992 0.032282974003464915
0115 -0.30257749557495117 -0.4611493647098541 2.8843493461608887 -143.72616682111826 20.222732425248438 155.42740692967013 0.03356881599756889
0116 -0.30102843046188354 -0.4581398665904999 2.8800222873687744 -142.50100469041564 20.10173176035998 154.92292648381266 0.03750995800510282
0117 -0.2995370030403137 -0.45519086718559265 2.8749148845672607 -143.88649276326277 21.804327379393047 154.87962909611954 0.03465962599875638
0118 -0.2977559566497803 -0.4520285427570343 2.8649537563323975 -142.63066396381765 21.16724055566091 153.9906879968391 0.03805689699947834
0119 -0.29586878418922424 -0.44921785593032837 2.8623528480529785 -144.04352653670372 23.077301237886207 153.9859445437569 0.03301822400680976
0120 -0.29421135783195496 -0.4459531903266907 2.8575055599212646 -142.75418202023116 22.649875462603337 153.42900438225666 0.029721153994614724
0121 -0.29252660274505615 -0.444172203540802 2.8589072227478027 -143.72830587822838 22.94895711762753 152.8701217114091 0.03727202000300167
0122 -0.29067644476890564 -0.4416160583496094 2.856097936630249 -143.6181554058933 23.522298398827942 152.24293546733625 0.03510900100081926
0123 -0.28971123695373535 -0.4393823742866516 2.855024576187134 -143.97006623132435 23.732830720516123 151.68999094036758 0.02915593899524538
0124 -0.2880817949771881 -0.43678954243659973 2.850423574447632 -144.59163087552068 23.988004553486665 150.8711993491642 0.03111431800061837
0125 -0.2874215841293335 -0.43583759665489197 2.8548285961151123 -144.80147453330625 24.070951721297227 149.8607259729188 0.04133769799955189
0126 -0.28611013293266296 -0.43419960141181946 2.854954242706299 -145.8105232850037 25.08919266840167 148.78244097372578 0.030363469006260857
0127 -0.28473082184791565 -0.43240582942962646 2.857909679412842 -145.65698095803978 25.12738984683883 148.2123596400135 0.0338283729943214
0128 -0.2817702293395996 -0.42811569571495056 2.840941905975342 -145.92781892221947 25.845716929636986 148.15921530302242 0.032053360002464615
0129 -0.2805141806602478 -0.4271047115325928 2.848144054412842 -146.0698061917362 26.52542486863092 147.71761515875417 0.03446344500116538
0130 -0.27922001481056213 -0.42597267031669617 2.8566043376922607 -147.20900892405368 27.387727858565995 146.80797693882167 0.04110444799880497
0131 -0.2787524461746216 -0.4262162446975708 2.870105743408203 -148.0927384420832 26.601270454250564 145.12665217205614 0.02934477000235347
0132 -0.2766737639904022 -0.4232161045074463 2.859619140625 -147.5118869524109 27.33644828855056 144.4952170720218 0.036420477998035494
0133 -0.2751368582248688 -0.4214664399623871 2.8630027770996094 -148.19282049457703 28.369126113611397 144.13373353827342 0.03334050500416197
0134 -0.2731771171092987 -0.41872525215148926 2.8596718311309814 -148.677634121675 27.95390967468562 142.75939173502059 0.032492858001205605
0135 -0.2713395953178406 -0.4166933596134186 2.855630397796631 -149.41081481417007 27.5216376572791 141.53201154184447 0.0313449329987634
0136 -0.2687816023826599 -0.41412729024887085 2.8512167930603027 -149.5562580419307 28.53747759407025 141.7296551425889 0.03812808400107315
0137 -0.2678246796131134 -0.4137720465660095 2.8615641593933105 -150.09674656779623 29.461866226878733 141.01217359785522 0.03403566300403327
0138 -0.26593029499053955 -0.4120120704174042 2.8647520542144775 -150.15286364160602 29.1088966865433 139.98729789215605 0.030637028001365252
0139 -0.2629311680793762 -0.4089880883693695 2.8530635833740234 -151.18682031453793 29.335186405598066 139.25095631341247 0.03432812500250293
0140 -0.26191818714141846 -0.4079858362674713 2.8559093475341797 -151.8116104320167 29.56093248470666 137.61687293125672 0.04137127599824453
0141 -0.2583724856376648 -0.4029249846935272 2.8373398780822754 -151.60002289317234 30.18670645427838 137.81753185870886 0.03452879199903691
0142 -0.255939245223999 -0.40097174048423767 2.836745262145996 -150.8992340589702 30.84142050427604 137.5903155278807 0.032865305001905654
0143 -0.2525712847709656 -0.3970177471637726 2.8200995922088623 -150.52949241459308 31.133694483087247 137.43143777851225 0.03246416700130794
0144 -0.25054872035980225 -0.3954314589500427 2.8219621181488037 -151.5187890521056 31.050268961650414 136.0623390729658 0.029732949995377567
0145 -0.2482668161392212 -0.3939059376716614 2.8219404220581055 -152.4971116998998 30.58117044854176 134.51721453131964 0.035744721004448365
0146 -0.24537411332130432 -0.3917329013347626 2.8172833919525146 -152.93398454448382 31.142525769155096 134.21597220934075 0.03341570899647195
0147 -0.24215242266654968 -0.3888148367404938 2.806344985961914 -152.90569587301826 30.67590418758485 133.12675544265159 0.03275492699322058
0148 -0.2398749142885208 -0.38639408349990845 2.805563449859619 -153.91136863235022 31.422971953862504 132.2762316498679 0.03630304599937517
0149 -0.23631876707077026 -0.3839210867881775 2.7994656562805176 -154.00189521796347 31.68172656822603 131.66289968322354 0.032119452000188176
0150 -0.23430342972278595 -0.3822783827781677 2.8000576496124268 -153.82969973681617 32.736998133601325 131.2306805114384 0.03152095100085717
0151 -0.23192888498306274 -0.3808423578739166 2.800090789794922 -153.58214530975889 32.990878946614856 131.3721948017568 0.03739612200297415
0152 -0.22861187160015106 -0.3778340220451355 2.7903525829315186 -153.72024387557346 33.509501217927074 130.62976841494182 0.03315321700210916
0153 -0.22583378851413727 -0.3761107921600342 2.7876503467559814 -153.8967804503239 34.893110162771805 130.39425814176082 0.033830047002993524
0154 -0.22186283767223358 -0.37292614579200745 2.7732486724853516 -153.94451925052567 33.357043265733346 129.4043497305277 0.0345782459990005
0155 -0.22042697668075562 -0.372577965259552 2.7869153022766113 -154.83215880824824 34.2850797757167 128.2330392914027 0.03937040999880992
0156 -0.2176368236541748 -0.3694157302379608 2.7726876735687256 -155.46272385248193 34.75053952454076 127.3962926141125 0.03680881499894895
0157 -0.21408295631408691 -0.36621803045272827 2.7608225345611572 -154.99824193600642 35.63702423554968 127.45510299177701 0.03797262699663406
0158 -0.2121834009885788 -0.3655361235141754 2.765601873397827 -155.80019186388742 34.889615988034656 126.1299600587946 0.03350799799954984
0159 -0.20889928936958313 -0.36299869418144226 2.759718418121338 -156.69974942346346 35.488780224579166 125.18051927159951 0.030242458000429906
0160 -0.20670819282531738 -0.36218565702438354 2.7601099014282227 -156.79470682147937 36.253625637156304 124.40707883166026 0.036152798995317426
0161 -0.20436842739582062 -0.3617015480995178 2.765287160873413 -157.54101910359765 35.82668986488584 123.57043133783516 0.033953059995837975
0162 -0.20096661150455475 -0.36000728607177734 2.7684922218322754 -158.4869159288724 35.837752943932166 122.52485476858992 0.03676544399786508
0163 -0.19740520417690277 -0.3577401041984558 2.7554032802581787 -158.41383270989186 35.82609347280061 122.28397512404621 0.03233856100268895
0164 -0.19562728703022003 -0.35699397325515747 2.7612149715423584 -158.8383467075705 36.20354181901134 121.30515086342561 0.03356667800107971
0165 -0.19306164979934692 -0.3559362590312958 2.7618842124938965 -159.03049313936353 36.29423165889676 120.64555409665691 0.03550657199957641
0166 -0.19067858159542084 -0.3547837436199188 2.7665963172912598 -160.3026565750141 36.15903795290165 119.10805350989664 0.0396353089963668
0167 -0.18700288236141205 -0.3514387607574463 2.7503833770751953 -160.1769700556855 37.67834471100887 119.00166640237956 0.034970302003785037
0168 -0.18448443710803986 -0.3510633707046509 2.7528955936431885 -160.2700061324654 37.747036900286396 118.13403328960055 0.030913694004993886
0169 -0.18186210095882416 -0.3504534065723419 2.7603108882904053 -161.86884312647373 37.697955305694215 116.70757095886503 0.03436076099751517
0170 -0.1789412647485733 -0.3493208587169647 2.756079912185669 -162.5987880238168 37.92036424667307 115.42899868390758 0.03734792100294726
0171 -0.17592477798461914 -0.35008126497268677 2.7668845653533936 -163.32675894390465 38.112242432388705 114.79272881392819 0.03859391000150936
0172 -0.1731843203306198 -0.3487605154514313 2.7691433429718018 -163.73786620419176 38.4596631187549 113.76889732444914 0.03443515600520186
0173 -0.170694038271904 -0.3482000529766083 2.774405002593994 -164.38144531559047 37.702857872613585 112.26632244921879 0.03320366000116337
0174 -0.16801059246063232 -0.34754735231399536 2.7738711833953857 -166.63292973839359 38.07450676794599 111.2596877249307 0.03239353599929018
0175 -0.16499096155166626 -0.3450920283794403 2.765575408935547 -165.76841097573094 38.8774771833068 110.40778921117793 0.04147797299810918
0176 -0.16245734691619873 -0.3451007902622223 2.77482533454895 -167.00433210604697 37.9165150312436 109.19658494010416 0.0337575130033656
0177 -0.15969350934028625 -0.3447054922580719 2.7782084941864014 -167.27972502190778 38.19905411241263 108.73037814117164 0.03386190900346264
0178 -0.15668979287147522 -0.34440281987190247 2.779346466064453 -168.24505025467752 37.18925312260746 107.33020828401663 0.03456405399629148
0179 -0.1520441770553589 -0.3417370021343231 2.765807628631592 -168.25805745785487 37.91372063570044 107.03440329298584 0.03324355299992021
0180 -0.1488334983587265 -0.34111669659614563 2.7688817977905273 -169.74145944916413 38.514590460202385 105.77957878426847 0.03215810099936789
0181 -0.14641119539737701 -0.34097909927368164 2.774153709411621 -170.0193393499891 39.53124910333733 105.08534279479044 0.03465355899970746
0182 -0.1439846009016037 -0.34133267402648926 2.784334897994995 -170.38264028895847 39.00613678537666 104.07837606361716 0.033760038000764325
0183 -0.14064376056194305 -0.34028860926628113 2.7856194972991943 -171.6187869736434 38.729799056432206 102.99225445430964 0.03479339900513878
0184 -0.13782036304473877 -0.3408524692058563 2.793389320373535 -171.8798452856586 38.66645731683406 101.75445920830464 0.034361603000434116
0185 -0.13465778529644012 -0.33975547552108765 2.79068660736084 -172.31741269991295 39.17048570605991 101.35708496283193 0.03942121499858331
0186 -0.1313132792711258 -0.3391590416431427 2.7899765968322754 -174.35647990293785 39.68615937695896 99.58613170783933 0.034683826997934375
0187 -0.1275472342967987 -0.33769023418426514 2.7834579944610596 -174.74231770177465 39.793871570086765 98.27953906352872 0.03478785300103482
0188 -0.12492673099040985 -0.3381432890892029 2.7926859855651855 -175.08928646773774 39.99919911139819 97.81414206232644 0.03909299000224564
0189 -0.12206710129976273 -0.33747929334640503 2.792280912399292 -175.4942489940463 39.67082309866723 96.96249353023941 0.03507101899595
0190 -0.11873388290405273 -0.33586829900741577 2.787400245666504 -176.40414484948994 39.99552640582275 95.89833659754368 0.03963385200040648
0191 -0.11476172506809235 -0.33513274788856506 2.7858641147613525 -176.54498673306153 39.93727496272259 95.30122596146887 0.03148938200320117
0192 -0.1118539497256279 -0.3352193832397461 2.7898049354553223 -177.88402678122688 40.109436030353805 93.72053508469014 0.03916257900709752
0193 -0.10828293859958649 -0.333646684885025 2.782395362854004 -179.39057516964237 39.526884809171825 92.04122629782502 0.034976525996171404
0194 -0.10432320833206177 -0.33304598927497864 2.7828168869018555 -179.708699522462 39.8225500812987 91.50738223580791 0.03958716199849732
0195 -0.10116930305957794 -0.33294329047203064 2.7831857204437256 179.87205851900046 39.9600156868189 90.35924629140028 0.03423530400323216
0196 -0.09753354638814926 -0.33213740587234497 2.781630754470825 178.4609252287186 40.209071476155316 89.24398926253413 0.032140335999429226
0197 -0.09404271841049194 -0.3304899334907532 2.775622844696045 177.36704729568658 40.551350038271686 88.24772598831352 0.035700109001481906
0198 -0.09060472995042801 -0.32960090041160583 2.770236015319824 178.45673690447174 41.613978008913044 88.09129837344207 0.034931065994896926
0199 -0.08712225407361984 -0.32997360825538635 2.7759504318237305 177.54523462568247 40.938950702066855 86.88512389902566 0.03047086599690374
0200 -0.08422878384590149 -0.33045434951782227 2.783686876296997 175.95299021266257 40.45843700999951 85.20890928288216 0.03922840399900451
0201 -0.08069784194231033 -0.32986488938331604 2.784714937210083 175.15584792584966 40.82205082784736 84.29939684616825 0.033082586000091396
0202 -0.07738889008760452 -0.3296094536781311 2.7820851802825928 176.0468107975834 41.46517212980789 83.81476064937605 0.033716584999638144
0203 -0.073613740503788 -0.32836076617240906 2.769505262374878 175.18689336985838 40.78830476567686 83.02594047918349 0.033661797002423555
0204 -0.06921268999576569 -0.32864129543304443 2.772521495819092 174.46051843406659 40.94952537258401 82.1227172332644 0.03159906300425064
0205 -0.06645060330629349 -0.3286985456943512 2.7735087871551514 173.73902234924665 40.03903146993549 80.82825163522882 0.034794009996403474
0206 -0.06323091685771942 -0.3281957805156708 2.772101640701294 173.02279082782303 40.853689122925026 80.17455997346109 0.033605501994316
0207 -0.06007649749517441 -0.32759928703308105 2.7700071334838867 171.92922672294662 39.885083995523715 78.8485618836198 0.033884255004522856
0208 -0.05583910644054413 -0.32701149582862854 2.7676451206207275 171.21442656574996 39.64668359294692 77.986882242915 0.03344864700193284
0209 -0.05351351201534271 -0.3279199004173279 2.7742061614990234 170.85933755804422 39.2857608287439 76.82202316815598 0.03324050700030057
0210 -0.04941103234887123 -0.3279082775115967 2.7737700939178467 169.41529412437416 38.592169674781694 75.52686213652241 0.03822836099425331
0211 -0.04615702107548714 -0.3268589377403259 2.767068386077881 167.86347232390156 38.68134084627557 74.00623446591091 0.03218802699848311
0212 -0.04239343851804733 -0.3265039026737213 2.7620153427124023 167.3104323409466 38.955960877597775 72.88715472688594 0.03128824400482699
0213 -0.03912341967225075 -0.3268188536167145 2.7626211643218994 167.72622942502684 39.004672337624754 72.16270203205157 0.036617859004763886
0214 -0.035656917840242386 -0.3262272775173187 2.761791229248047 166.76580627855378 39.11471811904489 71.46240148286056 0.03238833600335056
0215 -0.03176024556159973 -0.3275359272956848 2.7726337909698486 165.93993970989538 38.960171603359555 70.62916600508179 0.04020878099981928
0216 -0.028971267864108086 -0.3276118040084839 2.7677574157714844 166.2902160253008 38.79674253102773 70.0089863005501 0.0359131069999421
0217 -0.025820573791861534 -0.32812944054603577 2.771528720855713 165.59383907207138 38.01864701021442 69.2221600928351 0.03450079900358105
0218 -0.021712375804781914 -0.3292955756187439 2.7783024311065674 165.2074164013677 37.810408616252346 68.61721815503473 0.038037546997657046
0219 -0.018061377108097076 -0.3294447958469391 2.776794910430908 164.58758907402176 37.18082459634675 67.56407468124142 0.03352996099420125
0220 -0.015358109958469868 -0.3276042938232422 2.759249448776245 163.48568327805268 37.029495973630446 66.0453659729182 0.037628890000632964
0221 -0.011528462171554565 -0.32934626936912537 2.7716569900512695 163.1986602562391 35.8696037823897 65.37717908590682 0.037880606003454886
0222 -0.006836558226495981 -0.33047038316726685 2.778019428253174 163.10319831854196 35.2796541343335 64.99291695203638 0.03293518500140635
0223 -0.004885540343821049 -0.3307076394557953 2.7736411094665527 162.1387768999391 34.714847231788035 64.09149979168411 0.03279726299660979
0224 -0.0018689509015530348 -0.3308708965778351 2.7705888748168945 160.7321782157168 34.09190621323947 62.30031596903286 0.03226117199665168
0225 0.0017979174153879285 -0.330463171005249 2.767400026321411 159.58349356375118 34.28227059988237 61.51150629622444 0.033427745998778846
0226 0.004902547225356102 -0.3311749994754791 2.768834352493286 160.1419417188699 34.33759716270047 61.188437989395695 0.03338277199509321
0227 0.008233025670051575 -0.33214476704597473 2.7686784267425537 160.2904491159381 33.88162147706527 61.08263764088794 0.03465986500668805
0228 0.011908010579645634 -0.3316407799720764 2.7601640224456787 159.03951022223887 32.88262750602833 60.16827852025796 0.03802105099748587
0229 0.015212524682283401 -0.3314078748226166 2.757394313812256 158.51378457089368 31.76672293115525 59.368942136457676 0.03303499000321608
0230 0.01753373257815838 -0.3317820131778717 2.755690097808838 158.29312533435174 30.998685348865497 58.901402960812504 0.038458968003396876
0231 0.020391441881656647 -0.3308798670768738 2.7408370971679688 157.40958588485566 30.484760928180933 57.58711826736203 0.03304111699981149
0232 0.02416416071355343 -0.3310002088546753 2.7430777549743652 155.77616766971758 32.10634363930929 55.59253501348619 0.03619802699540742
0233 0.02746148593723774 -0.3335835933685303 2.757172107696533 156.42688247849185 30.05548459090439 55.83831118089326 0.0326913169992622
0234 0.03026651032269001 -0.333913654088974 2.752504587173462 155.76392669893727 31.946417189564002 54.36447764618155 0.039982073998544365
0235 0.033547189086675644 -0.3353637158870697 2.759671211242676 156.11897551773714 31.9093783474176 54.04464772900579 0.03733190299681155
0236 0.03794804960489273 -0.3374820947647095 2.770610809326172 155.87085779595986 30.87954218843772 53.45295919415782 0.03474686200206634
0237 0.04055124521255493 -0.3375096321105957 2.766481876373291 155.2187822736553 33.02933684262426 51.9686288937534 0.032705122997867875
0238 0.04312964156270027 -0.3370313346385956 2.7572193145751953 154.98390945040956 31.760984984853394 51.449743642552136 0.03206977000081679
0239 0.04656105116009712 -0.3377821445465088 2.7604076862335205 153.68539213980858 31.249509501052348 50.88971898451003 0.03789608399529243
0240 0.05008883774280548 -0.3383204936981201 2.7620954513549805 154.47472107995708 31.943053729052064 50.07418694438284 0.029529728002671618
0241 0.05265938490629196 -0.33955326676368713 2.767657995223999 154.35078523501463 32.5777900450251 49.17228952139504 0.03329108499747235
0242 0.05633397027850151 -0.34093135595321655 2.7732157707214355 154.43908688474062 33.33440076495642 48.240116279269074 0.03429111299919896
0243 0.05978475138545036 -0.3439299762248993 2.787731170654297 153.73535634891076 32.03294517897012 47.97167151162545 0.03534484499687096
0244 0.062301039695739746 -0.34444719552993774 2.7832720279693604 152.65404342770125 31.20824595089898 47.00843697349587 0.03391208699758863
0245 0.06558956950902939 -0.34726405143737793 2.7936182022094727 152.89967086213005 30.709133340173413 46.43216918749054 0.0375782210030593
0246 0.06958027929067612 -0.35108843445777893 2.8175153732299805 152.90015385714503 30.19388511705511 46.2395795540973 0.03313375700236065
0247 0.07271898537874222 -0.35155758261680603 2.8130974769592285 151.98561533445908 29.712153388654887 45.286266691262284 0.03353949799929978
0248 0.07529249042272568 -0.3513377904891968 2.804429531097412 151.65175624073794 29.58257784737538 44.50696913307073 0.03725008100445848
0249 0.07879479974508286 -0.3533506989479065 2.812833070755005 151.19879477513734 29.513040013955028 43.777279155342065 0.036241330999473576
0250 0.0822296291589737 -0.3541726768016815 2.810922145843506 151.0860255091287 29.7523051356772 42.88856381335985 0.038443172998086084
0251 0.08492496609687805 -0.3555885851383209 2.811976432800293 150.7446478536365 29.877299515892794 41.933271510017974 0.03537590800260659
0252 0.08778636157512665 -0.3573856055736542 2.8172450065612793 149.4211459193092 28.518308982791748 41.04651040022579 0.0354443899996113
0253 0.09095935523509979 -0.35829123854637146 2.814610242843628 149.38219283079826 28.63013076630138 40.297960482462926 0.03238104000047315
0254 0.09370920062065125 -0.3604028522968292 2.821702241897583 149.80129986051844 27.69195646889208 39.91956970335146 0.03355305500008399
0255 0.09599392116069794 -0.36040061712265015 2.812481164932251 149.82255922149605 27.893586217309657 39.23875877050188 0.03075674299907405
0256 0.09931521862745285 -0.3628627061843872 2.820357322692871 148.69727456106722 26.874918172341005 38.53485038873992 0.038309538998873904
0257 0.10206754505634308 -0.36313772201538086 2.814669370651245 148.17357285691048 27.039690195608376 37.29763088148006 0.03500202999566682
0258 0.10403522849082947 -0.3644281327724457 2.812105417251587 147.22708577606497 25.5545766922463 36.72232736543307 0.0327299979981035
0259 0.10608702898025513 -0.36426395177841187 2.801344394683838 146.99378301101012 25.244789023260157 35.76193801303266 0.03175365199422231
0260 0.10949648916721344 -0.3662947416305542 2.8040778636932373 147.1864907527373 24.982996151367587 35.24161205316022 0.041394023995962925
0261 0.11242648214101791 -0.36899659037590027 2.8146045207977295 146.5564217673071 24.00133621166613 35.00126360315252 0.03298744500352768
0262 0.11416037380695343 -0.3698298931121826 2.8110592365264893 146.25920192422345 23.525471516382414 33.99578279824646 0.03495542099699378
0263 0.11636132001876831 -0.37046146392822266 2.8064327239990234 145.5221178683172 22.539924820913203 33.38078257800032 0.03646023200417403
0264 0.1204700693488121 -0.37288475036621094 2.8146824836730957 145.8741094666157 22.833827189883312 32.81675236882184 0.03181039199989755
0265 0.12200112640857697 -0.3738608658313751 2.810520648956299 145.47869094088938 22.424729106677876 32.055229603513965 0.041363590004039
0266 0.12404440343379974 -0.37540197372436523 2.8102893829345703 145.25369532386298 21.94102656085647 31.512923797123864 0.03159682099794736
0267 0.12786231935024261 -0.3783741295337677 2.8238842487335205 145.17748900400719 21.401663733772807 30.927701604158536 0.03297091500280658
0268 0.13064752519130707 -0.3807448744773865 2.830293655395508 145.5560824528854 20.355816828922652 30.74405140503525 0.03212376200099243
0269 0.1330747753381729 -0.38324302434921265 2.8372161388397217 145.50475614437175 20.615052601936508 29.98205181155741 0.03444257799856132
0270 0.13602550327777863 -0.3867057263851166 2.850189685821533 145.18951861808924 20.692417542118953 28.98949102699333 0.03411006199894473
0271 0.13860410451889038 -0.38789042830467224 2.8481924533843994 144.0233917185843 19.27525150266035 28.2335270448629 0.032512702004169114
0272 0.14014039933681488 -0.38779759407043457 2.837027072906494 144.0090341045016 19.19088874098953 27.509014056434104 0.03422172899445286
0273 0.14299261569976807 -0.3906802535057068 2.84822678565979 144.25238068163927 18.14902339167747 27.424807591627523 0.02990315500210272
0274 0.14519910514354706 -0.39208346605300903 2.8457508087158203 143.08235574012667 17.646122755889273 26.816675603042803 0.03392357299890136
0275 0.14699557423591614 -0.3926711678504944 2.8351850509643555 142.5148354534877 15.8555450314195 26.922504295829516 0.038987713000096846
0276 0.1484595388174057 -0.3921063542366028 2.820967674255371 142.37959713437246 16.356129041015308 25.805479496966814 0.03447649400186492
0277 0.15112893283367157 -0.3956950008869171 2.8319454193115234 142.39028808918795 15.39725009006646 25.360654517251092 0.030760169996938203
0278 0.15336830914020538 -0.3973653316497803 2.8300344944000244 141.79667301805338 14.994941987943948 24.90170192951517 0.03172551999887219
0279 0.15570740401744843 -0.39955979585647583 2.8353843688964844 142.1852363751816 14.880564511045643 23.878859382803984 0.037110985002072994
0280 0.1576903760433197 -0.40180516242980957 2.838538885116577 141.63102839930147 14.275921355356806 23.25748251194284 0.0375137890005135
0281 0.15979601442813873 -0.4038906395435333 2.839674711227417 141.40603735274527 12.313446653379271 23.523343480668952 0.031520664000709075
0282 0.1621083915233612 -0.4052913188934326 2.841238260269165 141.79860512882792 14.411651718612784 21.55835708080548 0.033538850002514664
0283 0.16430559754371643 -0.40886664390563965 2.852957010269165 141.71248010770094 13.127939683151414 21.68252894351258 0.035527720996469725
0284 0.16543260216712952 -0.40883639454841614 2.840759038925171 141.03113811667922 12.078737261115627 21.38092098259517 0.03407345299638109
0285 0.16699433326721191 -0.4101351499557495 2.8344886302948 140.59536953808882 12.165709043924721 20.490724321387063 0.03446053399966331
0286 0.1673344373703003 -0.41007304191589355 2.8209855556488037 139.47166771275687 10.805468465401699 20.410909177900194 0.03217389999917941
0287 0.16984175145626068 -0.413315087556839 2.8346920013427734 140.83080814823504 10.480121667203784 19.78713134263527 0.03391327099961927
0288 0.1722405105829239 -0.4161633849143982 2.8387908935546875 139.78598421903848 10.342319992307528 18.98169622567923 0.03223344499565428
0289 0.17581872642040253 -0.42104390263557434 2.861348867416382 140.98884506479203 10.693338190607628 18.26597718809686 0.038220407004700974
0290 0.1765947788953781 -0.4223009943962097 2.8565850257873535 139.76271575399576 10.00302692762985 17.794900547460553 0.03552983300323831
0291 0.1781223714351654 -0.4242091774940491 2.855607748031616 139.66051791949394 10.480530475465715 16.588852107314594 0.03308320199721493
0292 0.17981648445129395 -0.4256588816642761 2.851590394973755 138.69502196353235 9.119357566703567 16.38795439831248 0.03350048699940089
0293 0.1808704286813736 -0.42665472626686096 2.8489291667938232 138.58188531793198 8.603730453219715 15.739944933539832 0.03585387099883519
0294 0.18167681992053986 -0.428252249956131 2.844801187515259 138.10390177026653 7.834935803301874 15.343239454847225 0.03456305600411724
0295 0.18374963104724884 -0.43056657910346985 2.8488473892211914 138.8717134033076 9.059789904088081 14.042909820055137 0.037436525999510195
0296 0.18525485694408417 -0.433083176612854 2.8523905277252197 138.29602148362363 7.1323897472902225 13.989231663500467 0.03288205299759284
0297 0.18719236552715302 -0.436465859413147 2.8642141819000244 139.18717293520564 7.755279360096444 12.77014013133144 0.033013445005053654
0298 0.18730951845645905 -0.4357885718345642 2.847644090652466 138.03032919235537 6.459971822320281 12.712856821866785 0.030442795999988448
0299 0.1895473450422287 -0.4392784833908081 2.8553335666656494 138.38548983673124 6.146456727604039 12.317960975182784 0.03469469500123523
0300 0.19178155064582825 -0.4440385699272156 2.8752167224884033 139.07820798101804 6.766000045823136 11.349629224629634 0.03321943500486668
0301 0.19242209196090698 -0.44515058398246765 2.8694655895233154 138.2438397750211 6.479595804107256 10.184020535474637 0.032570170995313674
0302 0.19276884198188782 -0.4460132122039795 2.8615665435791016 137.21199459429437 5.031149657819294 10.187475724463349 0.03353452299779747
0303 0.1948738843202591 -0.4500652253627777 2.8747177124023438 138.1445495743568 5.14429515002987 9.543535177779106 0.03127639299782459
0304 0.1955839842557907 -0.4514109194278717 2.871699571609497 138.05874547489512 4.557759197600919 8.892085268272542 0.03715685399947688
0305 0.196549654006958 -0.4529123604297638 2.870434045791626 138.2089867483604 4.368325046663529 8.128622832539563 0.03565335599705577
0306 0.19880656898021698 -0.4569094777107239 2.882526397705078 138.16938448155219 3.5900643161942316 7.570656324770274 0.03608646200154908
0307 0.1992740035057068 -0.4592874050140381 2.8852856159210205 137.63675362569526 3.2300467585436405 6.811461784108541 0.03456660299707437
0308 0.19868524372577667 -0.4586029648780823 2.867666482925415 136.888245029895 2.478719540286662 6.331898680517365 0.03221109700098168
0309 0.2001020461320877 -0.461821049451828 2.8758914470672607 137.12978648844876 1.7910324624430567 6.08208923060645 0.0355754460033495
0310 0.20151175558567047 -0.46555963158607483 2.8830606937408447 137.7166106814486 1.6694163582650872 5.269588830809304 0.03929535300267162
0311 0.20147106051445007 -0.46700024604797363 2.881251096725464 137.7018753526329 1.0976012064595235 4.689758541535711 0.031965251997462474
0312 0.20221218466758728 -0.4691550135612488 2.883009433746338 137.5920749107591 0.9273707854244407 3.759125569362808 0.03117710500373505
0313 0.20201270282268524 -0.4685594439506531 2.8671951293945312 136.51179803287917 0.5129073333738363 3.260803483073799 0.03546166500018444
0314 0.2025114744901657 -0.46998026967048645 2.864396333694458 137.40744058012118 -1.370306439641112 3.0863934222896527 0.02979899699857924
0315 0.20400850474834442 -0.4749257266521454 2.8814079761505127 137.11831113591046 -0.7978471205333039 2.9562119011142625 0.03303655400668504
0316 0.2045266330242157 -0.4763253629207611 2.8790478706359863 136.90194350376814 -1.9087381398344205 2.269428860278221 0.03241776600043522
0317 0.20542803406715393 -0.47958317399024963 2.8854949474334717 137.45110231792552 -2.145662114574838 1.6604751286161983 0.03344243900210131
0318 0.20596762001514435 -0.4825846254825592 2.8912806510925293 137.1210684836011 -2.539016478063758 1.275930678170476 0.03357233199494658
0319 0.20644855499267578 -0.4850011467933655 2.8932065963745117 137.0735834606903 -2.461973246741514 0.4064986815686074 0.03592424400267191
0320 0.2076214998960495 -0.4875126779079437 2.895674228668213 137.2756069649846 -4.08072512969773 0.16261682656636484 0.038853213998663705
0321 0.20901274681091309 -0.49229374527931213 2.9120984077453613 137.886157345759 -3.3371668560363332 -0.7140493108385273 0.03394225399824791
0322 0.20885224640369415 -0.4941868185997009 2.911846876144409 137.85806724342046 -3.8132568274663523 -1.4564282925707186 0.033110502001363784
0323 0.20922580361366272 -0.49611926078796387 2.910762310028076 138.02111268116252 -5.017847995873438 -1.785626336810115 0.03264299500006018
0324 0.21022216975688934 -0.49997392296791077 2.9211692810058594 137.74075645104696 -4.487394971553822 -2.7514074839399205 0.03650001699861605
0325 0.2093900442123413 -0.500078558921814 2.9108328819274902 137.36533342206167 -5.6059216889449255 -3.205711307753099 0.03941981800016947
0326 0.20926910638809204 -0.5019300580024719 2.909607410430908 137.77304495140953 -5.594842812155729 -3.628147562431182 0.03170014700299362
0327 0.209991455078125 -0.5052284598350525 2.9162967205047607 137.7535273928369 -5.678033612322737 -4.440368337994091 0.03175341799942544
0328 0.20933297276496887 -0.5058216452598572 2.9075124263763428 137.6513841059898 -6.474474931863858 -4.808940208256812 0.03225009200104978
0329 0.20917253196239471 -0.5080024600028992 2.9086427688598633 137.89375956864822 -7.084851538198835 -5.235563827785228 0.03824975699535571
0330 0.20962612330913544 -0.51070636510849 2.909951686859131 138.00567678674207 -7.1753646527814565 -5.824857713301331 0.03376381999987643
0331 0.20860067009925842 -0.5107983946800232 2.8986122608184814 137.00243225515158 -8.476324738308637 -5.647996594266329 0.03309345599700464
0332 0.20850838720798492 -0.5139908194541931 2.9062626361846924 138.1380554211796 -8.702544678466761 -6.699317285703803 0.03438044700305909
0333 0.20873326063156128 -0.5175635814666748 2.9152204990386963 138.26308058407298 -9.465632182400162 -6.937142748304725 0.03382258199417265
0334 0.20871423184871674 -0.5211074948310852 2.920959234237671 138.4930655547988 -10.438757928252084 -7.4379891698930924 0.03121100000134902
0335 0.20902428030967712 -0.5248042345046997 2.9287002086639404 138.16807603885766 -10.358323249496326 -7.750077554901118 0.03611135399842169
0336 0.2081906795501709 -0.526000440120697 2.9254395961761475 138.442633513831 -10.987817051848046 -8.381967417444674 0.03994042200065451
0337 0.2076517641544342 -0.5268504619598389 2.9198691844940186 138.29344641838892 -11.173021902104235 -9.303383904526004 0.02941816700331401
0338 0.20786762237548828 -0.5295836925506592 2.9244978427886963 138.62877029735242 -12.192455113434459 -9.369677254550247 0.03163066299748607
0339 0.20808561146259308 -0.5338882803916931 2.9364185333251953 138.93959899651125 -12.62036944661055 -10.0540893522989 0.030173680002917536
0340 0.20667417347431183 -0.5352478623390198 2.9319541454315186 138.73293079014744 -13.281405799117918 -10.29434631268452 0.03531045500130858
0341 0.20740260183811188 -0.5405924916267395 2.948443651199341 139.1052564989854 -13.919846930493353 -10.685725528697825 0.031175814001471736
0342 0.2075745016336441 -0.5441508889198303 2.9579241275787354 139.42979696986296 -14.857657587029774 -11.098574715305375 0.03247310799633851
0343 0.2060691863298416 -0.5456381440162659 2.952768325805664 138.95427419444073 -15.351804705277837 -11.279836607327907 0.033470065995061304
0344 0.20597755908966064 -0.5485988259315491 2.9591894149780273 139.38763693100208 -15.32010001609794 -12.001412834288026 0.03340222599945264
0345 0.20601119101047516 -0.5533551573753357 2.9710142612457275 139.54392831160752 -16.006748838432014 -12.84688554142233 0.033907814999111
0346 0.20670178532600403 -0.5582289695739746 2.989386558532715 140.98607383019626 -16.555770016923702 -14.099291207659176 0.03210053899965715
0347 0.20548120141029358 -0.559531033039093 2.984999895095825 140.66705279252577 -16.85890193342935 -14.37792700628121 0.03842985499795759
0348 0.20480941236019135 -0.5600975751876831 2.9765591621398926 140.38420371270226 -17.308863287297626 -14.95516981495225 0.03449511499638902
0349 0.20295150578022003 -0.5608789920806885 2.9701664447784424 140.01906377900193 -18.377454220181416 -15.091737834983643 0.03174166200187756
0350 0.201394185423851 -0.5631918907165527 2.970968008041382 140.07082122372228 -19.446758593074357 -15.160672285398567 0.03423611499601975
0351 0.19978368282318115 -0.5652066469192505 2.9701881408691406 140.1370080993963 -20.476239900901668 -15.479236977261523 0.03144583700486692
0352 0.19937707483768463 -0.5685994029045105 2.9753596782684326 140.4349868514609 -19.59916650614214 -16.78315199984924 0.03356468499987386
0353 0.19967912137508392 -0.5728015899658203 2.991318702697754 141.07849920785932 -21.1253628078986 -17.25155718034287 0.037046607001684606
0354 0.1991172730922699 -0.5757496953010559 2.995901584625244 141.2992986646245 -21.443539395567985 -17.61673593093099 0.03312162599468138
0355 0.19830217957496643 -0.5781010985374451 2.9970154762268066 141.00074356091207 -21.364397330650178 -18.268374538944315 0.037340844006394036
0356 0.19738583266735077 -0.5800936818122864 2.9990334510803223 141.68837687452984 -21.873316236486417 -19.24972939357157 0.02981108800304355
0357 0.19579088687896729 -0.5829689502716064 3.002593517303467 141.7776342742278 -22.206463671767626 -19.71490630925716 0.03217586500250036
0358 0.19437284767627716 -0.5846978425979614 3.0005223751068115 141.83307906301604 -22.922764863451455 -20.240466506091757 0.03198044699820457
0359 0.1930426061153412 -0.5874336957931519 3.004046678543091 142.1040396363347 -23.03191670001003 -21.1774776248342 0.03383687099994859
0360 0.19211320579051971 -0.5904077887535095 3.0097434520721436 142.9475888093994 -23.316328751768026 -22.17377122855055 0.0387438289981219
0361 0.19129590690135956 -0.5927156209945679 3.0119388103485107 143.54818114458277 -23.86920619758464 -22.782268555664068 0.03345381299732253
0362 0.18896245956420898 -0.5930940508842468 3.0021207332611084 142.63290639255052 -24.238616191547553 -22.93693391876891 0.034569457995530684
0363 0.18808773159980774 -0.596251368522644 3.00888729095459 143.29095995120403 -25.453814477983403 -23.236759324303716 0.03393331500410568
0364 0.18557314574718475 -0.5944918394088745 2.991577386856079 141.45307442464988 -25.998679704287518 -22.660690753759457 0.03472687999601476
0365 0.1841149479150772 -0.596943199634552 2.994908571243286 142.78168402981575 -26.736109108154253 -23.8179850802141 0.03434617400489515
0366 0.18299485743045807 -0.5999816656112671 3.0009565353393555 142.03833783860594 -27.488459305674745 -23.82058352175286 0.03305193300184328
0367 0.18171556293964386 -0.6052252054214478 3.017456293106079 143.4191693173173 -27.449749105632705 -25.15352027855214 0.03455057199607836
0368 0.17930026352405548 -0.6037651896476746 3.0003979206085205 142.25815147648197 -27.378237514172408 -25.439573141795037 0.03218906200345373
0369 0.17783652245998383 -0.6069276332855225 3.0069570541381836 143.8564918882791 -28.197122567578106 -26.764859928616662 0.033832260996859986
0370 0.17673014104366302 -0.6089615225791931 3.009221076965332 144.27823858274127 -28.23669994760491 -27.526550165491 0.0393204260035418
0371 0.17571698129177094 -0.6131203770637512 3.020129680633545 144.87428946014361 -28.534474269263843 -28.388834301546517 0.03388513399841031
0372 0.1742342710494995 -0.6162739396095276 3.026933431625366 146.01968009553295 -28.32025557456564 -29.81878770920075 0.03144283599976916
0373 0.17283688485622406 -0.6199916005134583 3.0348567962646484 146.50727112296696 -28.359901475983573 -30.900323602237155 0.030695622001076117
0374 0.17027835547924042 -0.62014240026474 3.028604030609131 145.01918369959583 -29.52411248659709 -30.831968724074265 0.03440074300306151
0375 0.16807392239570618 -0.6210618615150452 3.0264265537261963 146.31305151977668 -30.357034756306952 -31.19979196599927 0.0309545900017838
0376 0.16645804047584534 -0.6270894408226013 3.044994831085205 146.76863712335674 -31.013630179759392 -32.26747313299392 0.03731352000613697
0377 0.16477017104625702 -0.6281028389930725 3.042374610900879 146.80205520468593 -31.167505572916102 -32.68585759109734 0.03182975100207841
0378 0.16344764828681946 -0.6326887011528015 3.0567381381988525 147.9291349543489 -31.908964582073178 -33.738911534693095 0.032170662001590244
0379 0.16172762215137482 -0.6336348056793213 3.0526065826416016 148.20037951118303 -31.681296892220068 -34.87991763860915 0.03172760099550942
0380 0.15960842370986938 -0.6353179216384888 3.050727605819702 147.9381676198691 -31.66859663764936 -35.167473177161504 0.03543516100035049
0381 0.15742433071136475 -0.6354116201400757 3.0464601516723633 148.56065820441785 -31.945242308974958 -35.969905287086455 0.030484128001262434
0382 0.15503130853176117 -0.637187659740448 3.0468413829803467 149.24030203965395 -32.261737164881566 -36.78778206379794 0.03124343499803217
0383 0.15271471440792084 -0.640461802482605 3.0525171756744385 149.9149479443892 -32.059956679580836 -38.2580826057347 0.03765416699752677
0384 0.15078899264335632 -0.6427575945854187 3.057262659072876 150.25838017478924 -32.14186380065163 -39.42215655295116 0.028438341003493406
0385 0.1487617790699005 -0.6444316506385803 3.0574448108673096 150.13968506359038 -32.30736325551699 -39.651098879170696 0.0371666510036448
0386 0.1466599851846695 -0.6450135111808777 3.0527756214141846 150.21417846818952 -32.284466974466625 -40.02553643084305 0.035461719999148045
0387 0.14412921667099 -0.6473079323768616 3.054033041000366 149.65909519625126 -34.076806073131266 -40.15287271384402 0.03429841800243594
0388 0.1417836993932724 -0.6469079256057739 3.0457918643951416 150.22209363022017 -34.88953621328052 -40.490938339718056 0.03381361699575791
0389 0.14007480442523956 -0.6526788473129272 3.0662593841552734 151.33770464078322 -35.038756173646235 -42.25077955144558 0.03421760800119955
0390 0.13745452463626862 -0.6532339453697205 3.0614123344421387 152.30148673886328 -34.9841974392899 -43.578534425938834 0.0324371059978148
0391 0.13484132289886475 -0.6559198498725891 3.064976453781128 152.59246858053342 -35.15750824365074 -44.36880618280581 0.034743135001917835
0392 0.13216373324394226 -0.6572385430335999 3.067004919052124 152.88350695938794 -35.82386597957978 -44.76791515384414 0.03530039099860005
0393 0.1299687922000885 -0.660373330116272 3.074587821960449 153.23544648955314 -35.74670244521736 -45.58431411523867 0.03210710699931951
0394 0.12742826342582703 -0.6607816219329834 3.069295644760132 154.5567440225021 -36.524871508127355 -46.95449166006597 0.03552629300247645
0395 0.12535186111927032 -0.6612656116485596 3.063706398010254 155.17663421698322 -36.66123465315728 -48.171555905842176 0.03827992099832045
0396 0.12358926236629486 -0.666438639163971 3.082550287246704 156.0423609435071 -37.351400965636856 -48.88623779047232 0.030739791996893473
0397 0.12093710899353027 -0.6681169867515564 3.084831476211548 156.46217032459123 -38.199470559932095 -49.507896326912615 0.03502166199905332
0398 0.11853554099798203 -0.6721087098121643 3.0965840816497803 157.53806629683785 -38.99174830710701 -51.14038940463242 0.03425561000040034
0399 0.11636580526828766 -0.6757086515426636 3.1077346801757812 158.17589517001832 -38.727542201274574 -51.918919983893495 0.034776000000420026
0400 0.11309609562158585 -0.6777744293212891 3.111525297164917 160.09597746041896 -37.843720536376885 -53.93684745266058 0.03931330899649765
0401 0.11037885397672653 -0.6793626546859741 3.1099777221679688 158.69049500523784 -38.68430383197324 -54.25125787725521 0.032455147003929596
0402 0.10702836513519287 -0.676716148853302 3.0925581455230713 159.50092570786214 -40.15841218783453 -54.384772018669004 0.032012545998441055
0403 0.10519681125879288 -0.6800845265388489 3.1036953926086426 159.8859010060613 -40.45520127222715 -54.97588543097387 0.03201813199848402
0404 0.10239686816930771 -0.6815646886825562 3.102829933166504 159.6256056796493 -40.42715256233982 -54.973207397339145 0.0384491299992078
0405 0.09877847135066986 -0.6803500056266785 3.0907914638519287 160.11716278280443 -40.64903960879543 -56.02409757585285 0.030278486003226135
0406 0.0972786471247673 -0.6857416033744812 3.1122541427612305 161.99951654237907 -39.951168843869524 -58.266332131772785 0.03379677600605646
0407 0.09357544779777527 -0.6865251064300537 3.110557794570923 162.16330140740894 -39.40463416562072 -58.779587873107985 0.033051434002118185
0408 0.09079775959253311 -0.6911640763282776 3.124425172805786 161.60110053789018 -40.37986271597827 -59.025396531461226 0.03480017300171312
0409 0.0877431333065033 -0.6912967562675476 3.121009588241577 162.39272603344244 -40.57493831686135 -59.615986450745716 0.0373187590012094
0410 0.0852837860584259 -0.6951611638069153 3.1321868896484375 162.97421176735517 -40.95607821194549 -60.74150821305413 0.034677629999350756
0411 0.08155269920825958 -0.6931069493293762 3.1159543991088867 163.3508202725063 -41.26956098974232 -61.534602429610594 0.03501456099911593
0412 0.07889167964458466 -0.6961033940315247 3.124323606491089 163.99769944547515 -41.53008063872054 -62.617997706371035 0.030608257999119814
0413 0.07561352103948593 -0.6977375745773315 3.128206491470337 164.75196441041942 -40.78467431149645 -63.46002523661679 0.03776823600492207
0414 0.07279622554779053 -0.6965603828430176 3.119908571243286 164.68038159578472 -40.7935874653949 -64.26608457093059 0.034612796996952966
0415 0.06970185041427612 -0.6960354447364807 3.112154722213745 165.261066032286 -42.016709613247905 -64.99914132517289 0.03607556300266879
0416 0.0667564794421196 -0.70091712474823 3.130967378616333 165.35149193451386 -42.24602237414424 -65.99285314292334 0.032076905998110306
0417 0.06339471787214279 -0.7023813724517822 3.1326115131378174 165.4272275129149 -42.4829429202591 -66.17430874423147 0.03439719000016339
0418 0.060010865330696106 -0.7015426158905029 3.1222212314605713 167.2270777154967 -42.21276369426292 -68.24012897962551 0.03664764200220816
0419 0.056560494005680084 -0.7050095796585083 3.133230209350586 168.02169575268053 -42.77045851243566 -69.94298601909415 0.02813297399552539
0420 0.05349176377058029 -0.7067425847053528 3.136903762817383 168.23500424462688 -43.53847186784222 -69.74098240896144 0.03603751300397562
0421 0.05098139867186546 -0.707870602607727 3.1366851329803467 168.83352290298149 -43.377392424317954 -71.10866750775462 0.03075385199917946
0422 0.04735298454761505 -0.7099429368972778 3.142249822616577 169.82149374666665 -44.23766814910278 -72.42259039668396 0.03576285500457743
0423 0.04416295140981674 -0.710752010345459 3.1439480781555176 171.0167750088896 -43.399942401829 -73.58371989890061 0.031184261999442242
0424 0.04116444289684296 -0.7094810605049133 3.1347756385803223 170.9070026692535 -43.08165997197663 -74.1832918008387 0.032026729997596703
0425 0.0375453382730484 -0.7132936716079712 3.1483583450317383 171.07117191801564 -43.07540081383562 -74.76526183043426 0.044683136002277024
0426 0.03428833931684494 -0.715595543384552 3.1544275283813477 171.8911878741408 -43.64905571420368 -75.80816666088296 0.03256782300013583
0427 0.031243320554494858 -0.7145194411277771 3.1458237171173096 172.29765708605393 -42.7199332065851 -76.45522532998427 0.03009747499891091
0428 0.028640788048505783 -0.7159696817398071 3.150441884994507 173.10377808420637 -43.284514158297206 -78.06660337502277 0.037004534002335276
0429 0.02435142733156681 -0.7150712609291077 3.1418983936309814 174.00780404575988 -43.5664777585816 -78.56622179869113 0.0322299559993553
0430 0.022073712199926376 -0.7179388403892517 3.151693344116211 175.27433263989687 -43.21957528043569 -80.48774052959895 0.03841251999983797
0431 0.01877271942794323 -0.7129083275794983 3.127742052078247 176.62532253520496 -43.62107252041379 -81.9903293000105 0.03422083899931749
0432 0.01539926789700985 -0.7126245498657227 3.1241607666015625 177.2426304352334 -43.49641971495853 -82.982165152634 0.029338237996853422
0433 0.012104530818760395 -0.7147146463394165 3.130004644393921 177.1950154486715 -43.755141846748785 -83.4909457257924 0.0339109019987518
0434 0.008919088169932365 -0.7146078944206238 3.1284031867980957 179.07080981952842 -43.48472271636005 -85.01519856144023 0.03538491499784868
0435 0.005919273477047682 -0.7169020771980286 3.136409282684326 179.01620513473355 -44.6034091583325 -85.60128728737614 0.03405739199661184
0436 0.0024215958546847105 -0.7164831757545471 3.130181312561035 -179.4081866835815 -44.021327918017086 -87.32255227567954 0.033383955000317656
0437 -0.00048284753574989736 -0.7139267325401306 3.117702007293701 -178.0662466972188 -44.04273636721515 -89.03460661892561 0.0341630080001778
0438 -0.0035058886278420687 -0.7127343416213989 3.111557960510254 -177.74452615184015 -44.03129364270526 -90.06463036894382 0.030726026998308953
0439 -0.007307842373847961 -0.7149020433425903 3.118473529815674 -176.0684852420585 -43.38921874646491 -91.87695667550376 0.03140833399811527
0440 -0.011361973360180855 -0.7175235748291016 3.1289279460906982 -175.60212083507005 -42.488892253962725 -92.66612841426067 0.03587575099663809
0441 -0.01425954233855009 -0.7192041873931885 3.1350011825561523 -175.45939444357214 -42.71554823472528 -92.95480114219228 0.032216384999628644
0442 -0.016964580863714218 -0.7163481712341309 3.1208553314208984 -174.89675175645186 -41.724347445368515 -94.02820007841551 0.030332281996379606
0443 -0.020679274573922157 -0.7215519547462463 3.1424520015716553 -174.76214773654985 -41.47286406568922 -94.47261916702446 0.03561789300147211
0444 -0.02335497923195362 -0.7209950685501099 3.136509895324707 -173.69491980247633 -42.09992253051853 -95.65319220202674 0.031419365004694555
0445 -0.0264695156365633 -0.7181473970413208 3.1222455501556396 -172.71292003967142 -42.390458543373796 -97.46550332660543 0.03834984100103611
0446 -0.030153898522257805 -0.7172238826751709 3.1179826259613037 -171.8624640862534 -42.202331062313895 -98.51334864878356 0.03321466599300038
